num_K_resource = 3
num_I_interface = 150
num_J_service = 2000
44	29	32	
36	40	21	
98	85	41	
44	59	85	
71	41	21	
31	31	27	
83	57	71	
55	75	74	
95	79	40	
52	25	76	
64	45	94	
50	75	75	
40	46	22	
24	41	20	
54	57	61	
39	75	34	
52	71	89	
37	39	84	
23	73	86	
62	76	34	
70	60	28	
68	75	73	
79	96	22	
24	60	93	
97	34	46	
26	94	55	
39	98	38	
26	52	99	
60	22	26	
65	23	97	
37	78	93	
25	62	87	
22	95	71	
37	26	97	
57	51	60	
69	26	42	
38	21	53	
63	80	43	
26	21	92	
22	56	76	
98	37	62	
34	79	36	
69	86	83	
96	50	83	
88	22	30	
24	55	90	
36	78	75	
55	28	57	
59	94	37	
70	83	95	
97	90	47	
41	97	78	
86	21	48	
92	36	38	
67	97	69	
65	92	21	
79	46	92	
28	59	54	
49	88	53	
51	83	30	
55	33	65	
57	48	88	
63	65	84	
91	89	95	
93	28	68	
25	71	29	
45	93	83	
28	99	31	
76	20	51	
46	89	92	
53	91	22	
56	51	49	
65	59	96	
95	34	55	
54	47	97	
75	48	60	
22	64	24	
89	47	29	
98	68	44	
57	63	25	
65	55	50	
43	74	80	
77	99	97	
60	60	28	
53	71	59	
21	85	86	
57	73	87	
99	100	66	
68	26	21	
41	36	51	
47	80	78	
82	72	80	
46	49	97	
43	94	97	
34	51	88	
75	71	57	
47	34	36	
98	20	88	
31	41	32	
57	95	95	
34	71	57	
70	90	57	
84	77	94	
88	78	80	
39	81	71	
28	79	28	
71	72	84	
37	61	93	
52	87	72	
76	99	62	
34	59	96	
47	80	55	
100	87	27	
74	39	20	
80	52	30	
63	31	71	
37	72	50	
28	90	31	
98	97	81	
93	89	31	
61	44	91	
82	28	95	
33	59	58	
100	56	30	
100	100	95	
83	34	78	
74	49	50	
51	96	91	
71	96	85	
73	81	46	
38	53	63	
71	87	79	
34	27	89	
67	27	88	
55	72	85	
34	47	99	
53	63	86	
78	33	73	
63	66	67	
55	96	65	
97	72	52	
90	41	29	
55	43	67	
87	31	27	
22	24	42	
83	36	41	
33	67	40	
98	89	32	
57	29	64	
44	70	34	
4	1	4	
3	0	1	
1	0	4	
2	3	2	
2	4	4	
0	4	0	
3	0	4	
3	2	4	
3	0	0	
3	2	3	
0	2	4	
1	4	2	
2	1	3	
4	3	0	
3	1	2	
1	3	0	
3	1	1	
1	3	0	
2	2	4	
1	3	2	
0	4	2	
2	4	2	
0	2	2	
3	0	1	
2	2	3	
2	4	2	
4	1	4	
0	3	4	
3	0	3	
3	3	0	
3	4	0	
4	1	1	
0	2	4	
1	1	4	
4	0	1	
2	3	4	
2	4	0	
1	3	0	
4	4	2	
0	0	0	
0	0	4	
4	3	2	
3	1	0	
4	2	0	
2	4	3	
3	3	1	
4	0	3	
1	4	4	
0	0	3	
2	0	2	
2	0	2	
4	3	1	
4	3	3	
4	2	3	
3	3	2	
2	4	2	
1	0	4	
3	2	1	
2	0	2	
4	1	4	
4	1	2	
4	0	0	
0	3	0	
4	3	3	
4	1	2	
0	1	2	
3	3	4	
3	3	2	
1	1	1	
2	3	0	
2	3	3	
2	1	0	
4	3	3	
1	3	3	
2	3	1	
3	2	2	
2	2	3	
4	2	4	
3	0	3	
2	2	3	
1	3	1	
0	2	1	
3	0	1	
0	1	1	
2	3	0	
2	2	4	
4	2	1	
3	2	3	
4	2	2	
2	2	0	
0	1	0	
2	4	1	
2	3	3	
4	2	0	
0	3	4	
3	0	3	
1	2	4	
0	4	3	
3	4	3	
3	4	4	
2	4	1	
1	1	2	
1	1	3	
0	4	0	
1	2	0	
0	0	1	
2	4	1	
3	0	1	
2	3	3	
2	0	0	
0	1	2	
0	3	2	
4	1	4	
2	0	2	
0	2	0	
4	4	4	
1	0	3	
0	3	0	
1	2	3	
2	2	1	
3	3	1	
4	0	2	
2	4	2	
1	0	2	
3	1	3	
2	1	2	
2	2	3	
3	1	1	
3	4	2	
2	0	2	
4	1	1	
0	4	2	
0	0	4	
4	2	0	
0	4	2	
2	0	4	
2	0	2	
4	2	1	
3	0	2	
4	4	0	
4	0	3	
4	2	2	
3	4	2	
3	0	2	
1	4	0	
1	1	3	
3	0	0	
1	1	3	
1	2	1	
0	3	1	
4	3	2	
3	1	1	
3	2	0	
2	3	4	
1	1	0	
3	1	1	
2	0	0	
3	1	1	
2	3	0	
0	0	3	
3	1	2	
4	2	2	
0	0	4	
2	3	2	
1	2	0	
3	3	2	
3	2	3	
0	3	4	
4	4	2	
0	2	4	
2	3	4	
3	3	1	
4	1	3	
3	2	3	
3	4	3	
2	3	1	
1	3	1	
0	3	0	
2	0	1	
0	3	2	
3	0	2	
0	2	3	
1	1	0	
2	0	4	
4	4	1	
3	3	1	
2	0	0	
0	4	4	
4	1	3	
3	2	0	
4	1	4	
1	0	2	
0	2	1	
3	0	2	
2	1	4	
3	3	1	
3	0	2	
2	3	4	
0	4	1	
2	3	0	
2	4	2	
2	1	3	
4	2	4	
0	0	0	
1	4	1	
4	0	1	
0	4	0	
0	4	4	
2	2	3	
2	0	4	
4	0	1	
1	2	2	
1	0	0	
4	1	0	
1	2	4	
3	1	4	
3	3	4	
4	1	1	
2	1	1	
0	1	0	
4	0	1	
0	0	3	
3	3	4	
3	4	0	
4	2	3	
3	3	2	
1	4	2	
0	3	1	
1	1	2	
2	0	3	
1	3	1	
3	1	1	
2	1	4	
4	3	1	
1	2	1	
2	2	0	
4	4	0	
3	1	3	
3	2	4	
2	1	1	
4	5	4	
2	1	2	
3	3	1	
0	5	1	
3	1	2	
4	2	3	
0	2	0	
1	4	2	
0	4	0	
0	0	4	
4	5	5	
4	3	5	
3	3	4	
4	5	1	
1	1	0	
2	0	2	
3	0	4	
2	5	1	
2	2	3	
0	5	2	
0	5	3	
3	4	0	
2	3	3	
0	3	3	
2	1	3	
1	0	2	
0	0	4	
1	2	1	
3	3	1	
2	3	3	
0	2	2	
1	1	4	
2	5	4	
1	1	2	
3	5	0	
0	1	3	
1	5	0	
0	2	3	
1	4	3	
1	5	1	
4	4	2	
0	2	1	
0	3	1	
2	1	4	
1	2	1	
0	4	1	
3	0	5	
2	5	5	
4	2	1	
2	2	3	
1	2	4	
4	0	5	
3	1	2	
4	3	4	
4	1	0	
2	5	5	
0	5	5	
2	0	0	
4	0	1	
1	1	5	
2	1	2	
0	1	2	
1	1	1	
4	2	5	
4	4	4	
3	2	5	
0	0	2	
3	2	2	
2	1	2	
2	4	4	
0	1	0	
1	3	1	
3	2	0	
1	0	4	
2	5	4	
0	0	0	
1	0	2	
4	4	4	
4	0	2	
4	5	3	
4	1	0	
2	4	4	
3	5	4	
3	4	0	
1	1	1	
3	0	3	
3	5	4	
0	4	5	
3	4	4	
4	5	5	
3	5	3	
2	1	3	
4	5	4	
2	0	0	
3	1	0	
0	5	5	
4	2	1	
4	5	3	
2	4	2	
4	3	0	
1	0	3	
0	1	4	
3	5	3	
3	3	3	
2	5	2	
1	5	5	
0	0	1	
2	0	0	
0	4	3	
2	5	4	
0	0	1	
1	0	3	
1	5	0	
4	3	2	
0	1	4	
4	0	4	
2	1	0	
1	2	2	
2	2	0	
0	1	2	
3	5	1	
3	2	4	
4	1	1	
3	3	4	
4	0	5	
1	3	1	
3	2	3	
0	4	5	
4	4	4	
3	1	5	
4	5	0	
3	1	2	
3	5	5	
0	5	2	
1	1	1	
1	4	3	
3	5	2	
1	1	4	
2	1	1	
1	5	3	
3	5	0	
1	5	0	
0	1	5	
1	4	5	
1	1	3	
1	2	4	
3	3	0	
0	1	5	
0	2	0	
1	1	3	
1	0	1	
3	4	2	
4	2	4	
5	2	3	
3	1	2	
3	0	0	
3	1	4	
4	5	4	
5	4	5	
2	1	1	
4	3	3	
4	0	1	
5	4	5	
2	4	5	
2	5	1	
0	4	2	
0	0	0	
3	3	5	
1	1	1	
5	4	0	
1	1	5	
0	4	1	
3	4	5	
5	5	4	
1	5	2	
2	5	3	
1	2	0	
0	4	4	
0	0	5	
3	5	4	
1	5	1	
1	5	4	
3	2	1	
3	1	1	
3	1	3	
3	0	1	
3	4	4	
2	0	1	
0	2	4	
5	0	0	
3	3	1	
5	2	5	
0	4	5	
2	2	2	
1	3	5	
2	2	0	
0	2	4	
4	5	3	
3	5	4	
3	0	4	
4	5	3	
1	2	5	
3	5	0	
3	5	4	
1	5	1	
4	5	0	
5	0	3	
1	2	2	
4	2	0	
3	2	2	
3	4	4	
3	2	4	
4	0	4	
1	3	1	
2	1	2	
4	0	2	
5	0	4	
0	2	4	
0	4	5	
5	1	1	
3	2	3	
5	1	1	
1	4	3	
0	5	0	
2	5	4	
5	0	4	
1	0	0	
2	5	1	
5	3	1	
2	5	2	
0	1	4	
5	1	0	
1	1	3	
3	0	1	
2	1	2	
3	1	1	
2	2	0	
3	1	4	
5	3	3	
2	1	3	
5	2	0	
5	5	4	
5	4	2	
0	0	0	
5	1	1	
1	0	5	
0	3	5	
0	0	1	
4	5	2	
5	5	0	
3	2	4	
2	2	5	
5	2	2	
1	5	5	
1	5	4	
3	3	4	
1	1	1	
0	1	5	
2	2	5	
0	4	0	
4	4	2	
2	2	0	
5	3	5	
2	5	4	
4	2	3	
0	0	5	
1	4	5	
3	5	4	
5	1	2	
4	2	5	
2	0	4	
4	5	3	
1	4	5	
5	2	1	
1	5	3	
0	1	3	
0	4	2	
0	2	5	
0	0	4	
4	5	2	
3	4	3	
2	5	1	
0	4	0	
2	0	3	
3	5	5	
4	3	1	
4	2	5	
0	1	4	
4	3	2	
5	0	3	
0	4	3	
2	2	3	
4	1	5	
2	5	1	
0	3	0	
4	0	2	
3	2	4	
0	4	0	
0	0	2	
4	3	0	
4	2	4	
1	0	5	
0	4	2	
3	1	1	
0	3	5	
0	4	4	
5	1	1	
2	5	5	
5	5	5	
3	0	2	
3	0	1	
2	3	4	
2	2	4	
0	2	1	
0	1	1	
2	0	2	
2	2	1	
1	5	3	
3	4	1	
1	3	0	
3	5	4	
2	1	3	
3	3	4	
5	0	1	
2	2	3	
2	2	0	
0	2	2	
4	0	0	
1	4	0	
0	1	4	
1	3	3	
3	2	5	
0	5	5	
0	5	4	
5	5	0	
0	5	2	
0	5	0	
0	3	2	
1	3	4	
2	5	1	
0	1	2	
3	3	3	
1	5	3	
1	3	5	
5	5	0	
0	4	1	
0	0	2	
1	4	3	
3	3	2	
0	4	2	
0	5	2	
4	5	4	
1	1	1	
3	5	1	
3	0	0	
5	0	1	
1	5	4	
2	5	1	
1	3	4	
3	0	2	
0	2	3	
0	4	0	
1	0	2	
0	4	4	
1	3	3	
5	5	3	
3	1	5	
3	1	4	
4	2	2	
5	5	4	
0	4	1	
0	3	0	
2	0	0	
4	1	2	
4	2	3	
4	3	4	
4	2	5	
4	1	0	
3	5	1	
0	4	3	
5	4	3	
4	1	2	
4	3	4	
3	4	2	
4	3	2	
5	3	3	
5	5	4	
4	3	5	
4	0	5	
2	4	4	
5	1	5	
4	0	5	
0	5	1	
1	3	0	
3	3	3	
1	2	3	
3	4	1	
0	1	4	
3	3	1	
1	3	4	
0	5	4	
3	4	4	
3	2	1	
4	2	2	
4	5	4	
3	0	3	
4	2	3	
1	0	5	
4	5	1	
1	4	1	
5	0	0	
0	0	1	
0	4	3	
1	3	3	
5	2	0	
3	2	3	
5	1	5	
3	2	2	
4	4	0	
3	3	0	
0	1	2	
4	5	3	
3	5	0	
3	5	2	
0	2	2	
5	5	5	
3	3	4	
4	4	2	
5	3	2	
0	0	1	
2	2	3	
3	1	0	
1	1	4	
4	3	4	
4	3	0	
1	1	5	
3	0	1	
0	4	4	
4	3	4	
0	2	4	
4	2	0	
5	4	4	
2	0	5	
2	0	5	
1	0	3	
4	5	5	
4	4	1	
1	1	3	
0	4	0	
0	5	2	
3	2	0	
2	4	2	
5	0	1	
4	0	5	
0	1	0	
5	3	2	
0	3	1	
5	4	4	
2	2	5	
3	2	0	
5	5	0	
4	5	4	
3	0	5	
4	2	1	
2	2	0	
1	2	0	
0	3	5	
0	4	0	
5	2	0	
2	3	4	
5	1	4	
5	4	0	
0	0	0	
2	3	3	
0	4	3	
2	5	2	
0	2	0	
3	4	3	
2	4	2	
4	1	3	
0	5	2	
0	5	1	
3	3	3	
0	3	1	
4	5	4	
3	5	3	
0	0	4	
3	3	2	
1	1	0	
5	3	5	
0	2	4	
5	2	0	
4	1	4	
0	0	1	
3	3	4	
2	1	3	
5	5	1	
0	0	1	
3	5	3	
1	3	2	
3	1	0	
1	4	2	
4	1	0	
2	3	1	
4	0	1	
3	5	2	
0	4	1	
0	4	0	
3	2	5	
3	5	3	
5	1	4	
5	2	1	
5	2	0	
2	2	1	
5	3	2	
3	0	6	
3	4	5	
1	1	6	
5	6	1	
4	6	6	
5	3	3	
3	3	3	
3	1	5	
2	2	3	
0	3	4	
2	3	1	
0	3	3	
3	5	5	
1	1	6	
2	0	2	
4	5	6	
1	0	0	
4	1	2	
0	3	4	
1	4	5	
4	4	3	
2	5	1	
3	2	0	
1	0	0	
5	0	2	
1	6	2	
3	6	6	
5	1	2	
3	6	2	
4	4	2	
2	2	5	
4	0	5	
0	3	2	
0	4	3	
2	5	5	
0	6	1	
3	5	2	
4	1	5	
1	2	6	
0	0	0	
3	0	4	
3	0	3	
1	0	6	
4	5	6	
0	5	6	
1	5	2	
2	3	6	
5	1	2	
0	4	4	
4	6	5	
1	3	1	
5	1	4	
4	2	5	
3	0	5	
4	0	0	
4	4	3	
0	1	4	
3	3	2	
4	0	6	
4	6	6	
5	3	0	
4	5	0	
3	5	0	
5	4	6	
2	0	3	
4	3	4	
1	0	3	
5	2	3	
5	6	5	
1	1	2	
0	4	3	
1	6	2	
5	5	2	
2	2	3	
5	5	6	
2	4	5	
0	1	1	
2	0	4	
1	0	3	
5	3	2	
1	2	0	
0	0	1	
0	2	0	
1	2	6	
5	2	6	
0	3	0	
5	5	5	
0	6	0	
6	4	2	
4	0	0	
6	1	4	
5	5	2	
4	6	6	
2	0	3	
5	2	0	
3	4	3	
6	3	5	
3	1	0	
2	0	0	
3	0	1	
0	4	0	
3	5	2	
4	2	2	
5	2	6	
0	2	1	
1	2	2	
0	5	3	
0	1	1	
3	4	3	
0	4	2	
5	2	3	
6	3	2	
0	5	6	
1	2	1	
0	6	2	
5	1	5	
6	3	2	
4	6	5	
1	6	2	
0	4	3	
6	0	3	
5	3	6	
5	4	1	
5	5	0	
6	6	4	
1	5	2	
6	1	4	
1	2	0	
3	6	3	
0	0	1	
4	2	6	
1	3	1	
1	0	6	
1	4	6	
5	3	0	
3	2	0	
5	5	4	
5	3	6	
3	2	1	
2	3	0	
2	5	2	
2	6	2	
0	3	1	
0	1	6	
0	4	0	
0	2	3	
2	2	4	
4	6	6	
3	4	3	
4	1	0	
5	5	2	
2	5	4	
1	0	6	
4	3	6	
2	6	0	
1	4	3	
5	0	2	
6	2	3	
4	2	5	
4	2	2	
4	6	0	
5	0	5	
6	3	0	
5	0	6	
3	3	5	
4	2	0	
0	3	0	
5	6	0	
3	3	6	
6	2	5	
6	1	3	
3	2	0	
4	1	0	
2	4	4	
0	6	3	
3	0	1	
3	1	6	
2	0	3	
5	4	1	
1	1	3	
2	1	1	
6	1	2	
1	6	0	
2	3	4	
3	1	0	
6	6	2	
1	3	2	
5	1	1	
3	4	0	
3	6	3	
1	1	5	
3	4	2	
0	2	0	
4	5	1	
4	1	6	
2	1	5	
1	6	0	
0	3	5	
2	3	3	
0	3	4	
0	4	6	
3	0	4	
2	5	0	
4	0	2	
4	2	6	
4	2	1	
3	1	4	
2	3	6	
6	1	6	
3	6	5	
1	1	0	
4	4	4	
0	6	4	
0	5	4	
2	0	0	
3	2	3	
0	4	3	
2	5	2	
5	0	2	
4	5	0	
6	2	3	
5	1	1	
6	1	3	
2	2	0	
2	4	3	
1	1	6	
2	2	5	
4	4	2	
2	4	2	
6	4	5	
0	0	1	
5	5	4	
1	2	3	
0	1	5	
0	6	1	
4	0	5	
2	2	6	
6	5	5	
1	2	3	
5	1	3	
4	3	0	
2	0	3	
0	3	2	
5	4	0	
4	1	1	
4	5	6	
2	0	5	
0	1	3	
4	6	1	
1	0	3	
1	4	2	
0	4	0	
2	2	3	
1	1	6	
4	1	0	
2	0	6	
3	2	4	
6	6	1	
6	6	6	
3	2	1	
3	1	6	
6	4	0	
4	4	2	
2	3	5	
4	3	1	
5	0	5	
4	5	5	
6	3	6	
0	5	5	
6	2	0	
2	1	3	
2	5	1	
3	4	2	
3	0	0	
4	1	6	
5	2	0	
4	2	4	
2	0	1	
5	4	4	
1	0	2	
2	6	2	
2	4	6	
5	2	6	
1	3	1	
5	5	0	
6	5	1	
1	4	5	
1	4	0	
0	0	5	
5	0	1	
5	2	5	
2	4	3	
5	3	0	
4	6	6	
5	3	4	
4	0	1	
6	0	2	
0	2	7	
0	2	0	
6	7	7	
5	5	7	
2	1	6	
0	0	2	
6	1	3	
4	5	2	
2	7	4	
0	7	0	
2	5	3	
0	5	6	
6	7	3	
0	3	2	
2	1	5	
1	0	3	
2	3	2	
5	1	0	
2	2	6	
5	6	7	
4	7	2	
0	5	4	
5	0	2	
0	7	0	
1	2	7	
0	7	6	
1	7	0	
4	3	1	
1	3	1	
5	1	4	
6	6	2	
2	5	0	
5	2	2	
2	6	1	
5	2	5	
6	0	6	
4	4	2	
1	6	6	
1	3	6	
6	4	3	
5	4	0	
0	7	7	
3	2	0	
5	2	0	
2	7	0	
3	2	2	
1	3	0	
2	0	7	
4	5	1	
1	4	4	
2	5	2	
1	4	3	
5	5	4	
4	1	6	
3	4	2	
0	0	2	
4	4	4	
5	0	1	
0	2	2	
2	2	3	
4	6	0	
5	1	6	
1	6	2	
2	2	1	
4	6	0	
6	6	2	
5	7	4	
5	6	3	
6	5	2	
4	2	3	
5	2	2	
5	1	6	
3	7	3	
3	7	6	
4	5	1	
3	2	7	
5	3	1	
6	7	1	
5	5	6	
5	7	3	
6	2	2	
0	0	5	
0	5	1	
5	6	6	
3	0	6	
6	5	5	
1	7	6	
2	7	7	
7	7	7	
6	3	4	
5	5	3	
3	7	6	
1	0	1	
6	4	7	
2	7	5	
0	2	4	
3	1	1	
5	6	4	
7	7	6	
3	0	5	
3	7	6	
5	6	1	
1	1	5	
0	4	5	
5	6	4	
4	4	6	
4	1	4	
3	5	0	
5	2	7	
2	7	5	
1	0	5	
6	4	5	
5	3	0	
5	2	0	
2	4	2	
2	3	1	
2	1	4	
4	3	4	
7	0	7	
2	2	3	
6	2	7	
3	0	3	
0	5	1	
2	5	6	
1	5	4	
2	7	3	
0	4	2	
1	4	2	
5	0	4	
3	4	3	
4	3	2	
2	2	1	
6	4	3	
4	2	5	
6	4	1	
0	1	4	
2	3	2	
4	7	1	
3	6	7	
1	2	5	
3	6	1	
1	0	3	
6	1	1	
3	5	6	
2	1	5	
6	1	0	
7	0	4	
2	1	1	
6	0	2	
4	1	4	
4	0	7	
2	2	0	
3	5	0	
2	6	2	
4	6	6	
2	6	2	
0	6	5	
6	5	2	
1	2	6	
7	7	0	
2	1	1	
4	0	7	
1	0	2	
6	3	3	
7	0	7	
4	3	7	
7	2	0	
0	7	2	
7	5	1	
2	6	1	
0	3	4	
0	0	1	
5	6	7	
6	1	0	
4	5	5	
0	5	1	
5	5	5	
2	4	2	
2	7	6	
2	5	4	
0	6	2	
1	2	0	
6	3	0	
0	3	6	
5	0	1	
2	6	4	
0	1	5	
1	4	0	
6	0	2	
5	6	7	
1	1	3	
0	2	4	
0	2	4	
5	2	4	
6	2	1	
1	0	3	
3	5	6	
1	3	4	
6	4	5	
1	1	6	
5	4	7	
6	6	2	
3	5	2	
6	3	1	
0	6	7	
3	5	2	
6	5	6	
6	2	2	
1	1	0	
2	5	1	
2	5	3	
5	3	3	
3	6	0	
4	0	5	
3	8	7	
5	8	1	
0	5	6	
4	3	0	
6	7	3	
2	0	5	
0	6	6	
7	8	3	
5	1	2	
5	3	6	
1	7	4	
4	4	5	
1	6	4	
0	4	4	
4	0	6	
1	3	4	
3	5	5	
5	5	6	
4	2	8	
3	8	5	
6	7	7	
5	2	5	
6	5	6	
0	2	8	
1	4	1	
7	7	3	
0	8	8	
2	7	5	
7	2	5	
5	0	1	
5	7	2	
6	1	2	
6	4	8	
1	1	7	
7	3	1	
4	0	2	
4	4	2	
1	4	2	
7	4	5	
2	5	1	
0	0	5	
6	7	0	
6	7	3	
2	0	3	
6	2	7	
5	3	1	
1	2	5	
7	7	6	
0	1	6	
7	2	4	
1	8	6	
5	0	7	
2	1	1	
5	8	6	
6	7	0	
1	8	7	
0	7	7	
6	8	4	
1	0	2	
1	4	8	
7	0	1	
7	6	3	
5	5	5	
6	0	7	
4	5	1	
5	7	8	
0	4	7	
7	2	7	
2	8	3	
5	7	1	
5	3	7	
3	5	1	
6	3	7	
4	2	0	
4	7	7	
2	4	3	
2	8	1	
5	7	0	
8	2	1	
6	0	1	
3	2	6	
1	7	1	
5	5	3	
3	5	0	
1	4	3	
7	7	0	
1	2	4	
2	6	7	
5	4	6	
5	3	1	
8	8	1	
7	2	1	
1	4	3	
6	8	1	
8	8	5	
6	8	4	
8	6	4	
0	1	6	
8	1	8	
4	0	3	
3	2	5	
0	7	3	
2	3	1	
4	5	2	
7	1	6	
6	0	6	
5	6	0	
2	4	8	
2	1	3	
3	1	4	
2	2	3	
1	0	6	
3	0	6	
8	0	7	
5	5	2	
6	6	8	
7	6	8	
4	3	1	
5	6	2	
7	6	5	
0	5	1	
7	7	1	
4	8	1	
6	7	5	
0	2	3	
7	5	5	
7	4	3	
2	4	6	
4	7	0	
6	8	0	
7	4	6	
7	1	7	
7	7	0	
1	2	2	
5	6	1	
8	7	2	
5	7	0	
7	5	0	
1	3	4	
2	8	5	
6	5	7	
4	5	7	
6	8	4	
2	2	4	
6	8	9	
2	3	1	
8	0	4	
8	8	8	
6	3	9	
5	6	4	
4	8	9	
5	5	1	
5	7	4	
8	7	6	
6	2	2	
3	1	3	
4	7	0	
5	9	3	
4	2	5	
3	0	2	
1	9	1	
4	0	4	
6	8	1	
3	8	6	
7	4	9	
6	8	4	
1	2	2	
4	3	1	
8	0	7	
7	0	8	
6	6	0	
3	7	8	
1	4	4	
4	9	3	
0	7	2	
3	0	3	
0	9	7	
8	4	7	
5	1	9	
0	0	4	
8	5	4	
5	0	9	
6	7	5	
6	5	4	
1	7	0	
2	8	7	
0	4	8	
6	2	9	
5	0	4	
7	9	0	
4	8	0	
8	8	4	
1	6	1	
8	0	3	
7	4	2	
8	1	8	
1	6	9	
3	2	0	
6	2	1	
0	7	8	
8	4	8	
0	7	3	
6	3	0	
3	1	1	
6	7	0	
0	3	4	
4	5	8	
9	2	6	
0	1	6	
2	5	8	
5	3	7	
7	7	9	
6	5	7	
4	3	5	
9	2	2	
5	5	2	
6	3	7	
2	3	3	
5	7	4	
9	5	2	
0	9	9	
0	4	7	
0	4	1	
7	4	0	
5	6	7	
9	6	9	
3	5	9	
6	5	0	
9	1	2	
9	8	2	
2	6	8	
9	3	2	
4	4	7	
5	5	0	
7	3	3	
7	4	2	
4	1	0	
8	5	0	
8	6	9	
8	4	1	
1	6	4	
7	1	6	
1	7	6	
4	0	3	
0	1	2	
6	6	10	
3	9	1	
6	1	8	
8	0	4	
4	3	1	
9	6	7	
4	2	10	
8	3	0	
8	2	10	
1	6	8	
0	2	5	
1	7	6	
0	2	3	
3	4	10	
9	6	1	
4	1	0	
1	0	7	
8	8	9	
4	9	3	
1	4	7	
8	8	9	
7	9	8	
8	0	5	
1	3	5	
3	3	8	
5	1	2	
0	9	2	
5	3	7	
7	1	9	
5	8	2	
5	0	8	
8	0	5	
4	8	4	
0	2	1	
0	6	9	
5	4	9	
3	4	6	
8	6	7	
9	0	2	
3	5	2	
8	1	2	
4	8	0	
3	4	5	
8	5	7	
2	4	1	
9	5	0	
4	0	0	
8	5	8	
8	3	1	
8	8	1	
7	0	2	
7	10	3	
8	10	7	
8	6	2	
9	7	7	
0	6	9	
4	2	4	
0	3	3	
1	2	9	
7	0	6	
0	0	2	
6	8	4	
0	2	3	
2	6	0	
0	4	4	
4	6	0	
7	9	6	
3	3	4	
4	3	8	
2	2	9	
6	5	6	
5	8	4	
10	7	5	
10	3	5	
4	6	8	
4	2	11	
1	2	11	
6	1	7	
2	7	7	
3	2	10	
9	7	8	
6	0	11	
6	0	11	
10	2	4	
2	1	2	
10	8	5	
7	0	4	
6	2	9	
8	0	10	
8	2	10	
5	2	5	
8	10	2	
0	6	1	
7	2	6	
9	9	3	
6	11	1	
10	4	8	
10	5	8	
4	5	0	
8	9	4	
4	2	10	
9	11	2	
6	7	3	
5	1	2	
9	5	10	
0	9	0	
2	0	10	
3	11	9	
8	2	1	
8	8	5	
4	8	8	
6	10	2	
0	3	9	
7	6	11	
6	10	6	
0	5	9	
0	9	7	
7	2	10	
0	1	3	
8	10	0	
1	1	7	
7	4	2	
4	11	11	
9	6	9	
5	9	10	
10	4	1	
5	5	7	
9	2	5	
5	0	3	
3	6	7	
7	7	4	
2	5	0	
8	11	7	
0	4	11	
4	3	11	
0	5	1	
2	9	11	
9	9	3	
3	9	8	
2	8	5	
8	3	8	
1	9	8	
6	0	5	
10	9	5	
4	3	0	
9	10	4	
2	11	1	
6	2	7	
11	11	3	
2	3	2	
2	12	1	
10	6	4	
4	10	3	
6	10	9	
9	3	11	
9	7	12	
10	6	4	
2	12	6	
7	12	10	
5	1	6	
2	0	6	
4	2	8	
9	1	8	
2	11	2	
4	5	6	
11	0	12	
1	9	12	
0	3	12	
11	12	5	
10	8	10	
11	7	0	
6	12	5	
2	7	8	
7	9	11	
4	2	8	
6	2	10	
9	6	5	
11	0	7	
7	5	11	
9	4	11	
1	6	0	
5	11	8	
8	11	9	
9	5	0	
1	6	7	
5	2	8	
4	8	4	
7	2	1	
0	6	5	
9	3	0	
1	2	10	
0	2	4	
4	9	12	
12	1	12	
10	9	0	
10	1	7	
8	2	12	
2	9	0	
9	3	12	
1	13	7	
10	5	4	
9	4	12	
4	9	7	
8	4	8	
12	13	8	
1	1	1	
1	9	7	
7	12	4	
1	10	3	
2	9	8	
10	3	0	
11	0	0	
3	5	10	
11	2	9	
4	4	9	
6	0	0	
5	3	13	
8	8	2	
9	3	9	
2	8	2	
5	3	9	
10	12	11	
3	4	4	
10	11	10	
6	5	6	
4	12	2	
7	4	10	
2	5	0	
6	1	0	
2	11	1	
8	6	2	
0	11	14	
9	1	14	
4	2	2	
7	0	2	
11	11	9	
1	6	14	
12	5	8	
1	0	13	
6	10	7	
7	13	13	
8	0	12	
5	14	11	
13	8	9	
7	10	11	
10	6	7	
2	10	0	
9	3	14	
0	3	9	
6	9	3	
1	12	4	
1	7	0	
1	8	4	
13	5	14	
7	6	3	
2	1	1	
2	3	4	
9	3	4	
10	13	0	
7	3	11	
5	6	10	
13	4	11	
9	12	8	
0	7	4	
9	2	14	
7	0	10	
0	4	10	
3	10	9	
7	7	0	
1	3	3	
14	1	1	
11	2	9	
14	7	3	
8	9	14	
0	10	3	
0	13	5	
10	12	8	
13	12	3	
6	12	6	
5	15	3	
14	6	8	
5	7	0	
10	15	8	
0	12	11	
7	11	9	
9	4	6	
11	0	3	
4	13	7	
13	4	12	
8	12	15	
10	16	2	
10	10	15	
7	14	10	
1	11	11	
11	3	7	
15	14	2	
6	9	4	
6	6	12	
7	13	0	
14	6	10	
4	1	12	
6	3	0	
9	15	16	
11	8	8	
8	1	5	
11	12	0	
15	3	14	
1	11	15	
1	10	1	
12	8	15	
14	9	14	
12	12	9	
2	12	10	
1	16	2	
5	10	14	
7	9	9	
11	3	5	
15	5	1	
14	10	7	
5	15	10	
5	11	11	
6	4	13	
12	12	6	
10	9	16	
3	8	5	
1	14	3	
1	10	12	
12	8	13	
0	1	17	
4	3	4	
0	7	2	
13	14	0	
5	10	18	
3	18	16	
3	9	17	
16	15	14	
4	4	10	
10	1	13	
6	1	15	
16	6	6	
9	9	5	
11	15	9	
6	17	1	
15	0	13	
8	18	1	
9	1	12	
12	12	10	
15	4	14	
5	2	3	
10	19	16	
8	16	8	
3	9	16	
0	4	18	
1	6	1	
13	16	0	
1	8	7	
13	15	18	
15	8	16	
5	1	15	
17	9	0	
8	11	10	
9	0	8	
15	15	19	
16	1	7	
0	12	4	
10	3	9	
6	3	19	
5	19	12	
7	5	11	
1	19	19	
19	9	10	
4	8	16	
6	1	15	
4	1	17	
0	2	5	
14	20	17	
1	20	13	
11	18	20	
3	9	4	
12	15	1	
7	18	16	
17	2	6	
20	14	11	
20	0	5	
13	17	20	
9	21	12	
10	20	9	
16	22	21	
12	16	14	
20	9	20	
3	20	12	
8	1	13	
15	15	14	
16	18	20	
14	2	9	
19	12	2	
4	7	20	
1	10	11	
17	8	8	
4	10	20	
22	9	5	
4	2	0	
13	0	7	
16	18	12	
8	11	22	
0	14	16	
10	12	2	
22	10	21	
21	4	3	
10	11	24	
1	3	8	
22	22	2	
13	7	3	
19	9	2	
8	24	10	
6	12	15	
21	2	3	
15	20	8	
13	26	0	
6	4	14	
25	16	4	
20	16	14	
21	15	16	
11	28	16	
24	28	10	
16	6	21	
3	9	17	
14	23	5	
7	8	3	
3	18	15	
13	18	9	
12	24	2	
6	26	23	
0	26	26	
14	9	18	
25	11	31	
2	7	0	
5	20	22	
8	17	28	
17	7	11	
1	7	23	
12	23	27	
9	13	13	
28	0	24	
0	21	15	
1	15	26	
28	33	11	
2	22	1	
11	29	16	
27	26	28	
8	28	6	
1	5	4	
21	2	5	
10	28	34	
26	19	33	
32	34	37	
5	37	37	
3	11	15	
26	2	21	
17	33	18	
6	19	33	
31	17	41	
39	32	8	
8	10	18	
19	33	30	
41	3	22	
1	19	37	
11	34	36	
20	14	1	
26	36	24	
33	49	16	
2	44	28	
37	29	43	
56	3	15	
42	39	3	
36	45	57	
31	30	30	
63	11	46	
58	63	3	
51	7	54	
57	32	0	
18	48	70	
50	74	31	
48	46	83	
50	27	89	
5	100	2	
49	64	114	
112	20	30	
109	6	234	
11	29	29	
18	22	16	
6	34	5	
16	11	27	
23	26	16	
25	27	10	
7	28	31	
31	6	32	
12	11	26	
9	7	20	
8	19	30	
34	37	31	
18	13	23	
31	22	34	
9	27	15	
33	22	8	
28	17	17	
35	5	34	
6	40	39	
11	5	34	
22	17	16	
13	22	37	
9	13	17	
9	21	10	
28	22	34	
29	16	7	
10	9	13	
29	34	30	
18	39	35	
36	27	34	
19	40	27	
7	21	17	
6	24	38	
16	21	6	
35	16	9	
32	10	9	
33	5	33	
20	14	30	
6	35	22	
23	28	5	
28	7	10	
25	31	37	
32	20	27	
15	36	27	
38	27	10	
13	10	9	
7	26	8	
29	15	26	
16	5	22	
6	8	17	
8	33	8	
35	26	35	
16	33	32	
38	9	32	
18	11	9	
5	11	27	
28	6	17	
40	33	33	
40	39	26	
13	25	20	
11	36	12	
19	31	12	
5	17	40	
8	22	9	
7	25	32	
10	25	35	
10	8	12	
6	27	23	
24	23	25	
27	38	5	
23	17	35	
6	18	32	
39	11	23	
38	21	34	
18	40	28	
20	15	8	
38	18	30	
40	6	29	
23	26	11	
23	9	25	
37	5	26	
21	16	15	
23	27	34	
34	9	29	
30	18	12	
16	30	40	
9	35	7	
16	37	18	
6	24	24	
6	32	7	
12	19	27	
5	36	32	
6	28	34	
22	7	12	
35	40	34	
34	12	31	
32	40	14	
20	39	38	
11	12	33	
12	8	35	
18	39	31	
29	40	29	
17	20	26	
28	39	28	
6	23	23	
24	40	29	
6	26	40	
13	31	14	
32	5	18	
10	21	17	
22	16	18	
22	6	25	
21	35	38	
40	29	17	
40	10	33	
36	36	14	
27	5	30	
5	11	22	
18	39	33	
37	32	29	
37	28	39	
6	13	22	
36	10	10	
16	22	13	
12	17	17	
37	40	22	
27	20	15	
20	28	37	
33	25	39	
21	23	21	
6	5	27	
34	26	38	
26	16	17	
14	38	38	
30	13	11	
32	39	23	
40	25	17	
23	30	8	
31	5	5	
17	10	39	
24	7	14	
11	35	26	
20	9	11	
36	6	21	
12	24	12	
16	35	13	
8	19	33	
19	23	17	
29	27	12	
34	26	30	
