num_K_resource = 3
num_I_interface = 225
num_J_service = 1000
88	53	46	
51	32	57	
92	55	38	
47	82	25	
39	63	79	
70	72	68	
21	59	81	
94	91	88	
45	77	20	
53	73	22	
50	29	79	
60	49	72	
57	74	76	
36	85	72	
81	26	99	
93	36	60	
31	94	40	
55	29	67	
62	69	52	
97	92	72	
92	54	39	
57	90	77	
53	83	57	
87	66	27	
27	63	97	
74	48	38	
44	29	67	
90	27	29	
81	25	77	
75	84	64	
83	79	25	
58	77	35	
30	78	72	
57	52	59	
27	65	20	
58	35	70	
42	97	91	
30	38	98	
38	71	64	
20	84	36	
47	44	61	
53	40	37	
95	35	29	
91	45	42	
82	47	53	
56	40	68	
44	69	99	
77	47	70	
28	51	53	
23	72	34	
76	78	69	
74	95	44	
84	89	63	
80	41	36	
73	76	51	
41	35	21	
46	75	36	
38	97	41	
67	26	21	
96	53	41	
59	63	87	
35	100	82	
98	96	46	
81	80	61	
83	45	97	
29	45	41	
69	95	59	
34	84	97	
97	65	28	
51	65	30	
23	31	83	
34	33	99	
72	50	63	
84	81	53	
40	69	70	
63	64	88	
94	63	54	
39	84	35	
22	35	24	
74	89	86	
27	26	29	
55	63	46	
36	89	60	
94	70	35	
43	59	45	
61	66	88	
81	25	88	
50	91	54	
26	58	92	
41	66	89	
49	28	83	
67	60	85	
23	54	97	
20	44	58	
37	53	51	
86	77	30	
33	89	100	
92	20	44	
81	49	97	
54	52	48	
31	61	74	
47	64	28	
28	85	88	
21	100	20	
62	84	47	
68	87	50	
82	83	78	
88	71	49	
68	95	51	
47	85	30	
68	68	72	
36	50	21	
28	79	88	
93	84	87	
50	87	58	
40	24	88	
71	44	46	
33	47	80	
31	50	29	
27	71	24	
85	45	64	
20	41	70	
66	26	97	
40	75	58	
21	80	80	
92	37	95	
57	28	30	
90	81	54	
94	33	100	
82	46	77	
89	68	94	
48	50	62	
58	72	92	
87	49	26	
69	85	93	
84	40	99	
67	62	74	
41	93	64	
98	24	30	
48	75	42	
41	93	100	
59	92	42	
36	99	100	
45	63	22	
52	42	72	
26	33	33	
66	45	37	
52	88	30	
90	95	52	
21	52	35	
81	63	41	
98	59	69	
38	83	36	
29	89	84	
36	83	93	
67	87	52	
81	35	93	
60	61	66	
33	51	32	
83	22	72	
98	40	83	
27	96	43	
44	44	38	
39	67	67	
50	54	28	
72	59	52	
41	80	94	
52	21	65	
74	79	89	
71	38	21	
48	75	89	
81	48	52	
34	58	96	
41	98	70	
66	95	29	
77	22	67	
65	81	25	
24	36	54	
32	94	74	
36	31	51	
84	76	51	
42	88	67	
27	87	31	
39	58	73	
47	70	54	
70	98	43	
41	94	44	
49	48	28	
52	28	32	
52	39	100	
46	24	91	
25	78	100	
61	40	74	
71	42	60	
57	100	97	
63	55	22	
24	99	72	
56	74	66	
46	72	69	
51	47	41	
96	78	76	
97	82	60	
55	85	37	
96	83	100	
48	43	100	
37	40	48	
97	54	86	
79	63	45	
54	52	35	
42	37	53	
65	30	26	
77	70	46	
22	64	32	
25	26	61	
31	99	47	
85	77	75	
55	75	44	
99	98	75	
86	28	26	
61	35	65	
89	57	40	
25	80	93	
56	43	61	
93	23	65	
23	56	61	
7	7	6	
10	1	7	
11	13	11	
6	1	13	
10	14	3	
7	13	6	
12	4	7	
10	14	8	
12	5	5	
11	7	10	
12	10	9	
8	10	12	
10	3	10	
1	12	9	
5	12	10	
1	8	9	
9	4	7	
3	5	13	
1	7	0	
13	1	8	
5	11	9	
6	1	3	
3	4	1	
1	0	6	
0	0	2	
13	12	6	
1	11	1	
11	14	13	
12	9	3	
8	10	0	
1	3	4	
4	4	9	
7	11	12	
10	1	7	
13	6	2	
6	3	5	
2	9	3	
4	5	11	
0	1	9	
0	0	5	
6	7	11	
0	10	5	
11	4	7	
7	9	6	
2	8	4	
6	0	0	
5	9	5	
0	12	8	
6	6	13	
9	14	2	
9	7	1	
9	9	9	
3	13	0	
1	10	2	
9	5	2	
2	13	1	
1	2	9	
10	7	12	
6	2	6	
11	12	2	
1	12	0	
4	3	1	
3	9	3	
5	6	2	
6	10	3	
11	2	13	
9	0	13	
7	6	5	
13	4	7	
5	2	10	
1	12	0	
7	11	8	
2	9	5	
10	3	3	
0	5	0	
6	11	8	
11	6	11	
10	1	1	
13	10	8	
12	12	11	
5	1	4	
4	1	11	
13	13	7	
3	0	5	
5	9	9	
10	11	13	
13	2	1	
10	7	13	
11	1	11	
5	7	4	
13	12	12	
1	2	10	
13	7	8	
11	4	5	
4	7	0	
7	8	5	
10	13	8	
7	7	0	
3	3	4	
0	7	8	
6	12	3	
2	0	1	
5	11	10	
9	0	1	
13	11	7	
8	0	10	
13	3	0	
8	6	0	
9	0	10	
5	10	11	
1	0	7	
8	6	4	
8	14	1	
10	13	0	
8	6	6	
3	14	10	
8	8	8	
6	8	4	
9	12	0	
4	7	0	
2	4	7	
13	0	8	
2	13	11	
8	6	6	
6	0	1	
8	12	2	
3	3	6	
6	11	3	
2	11	8	
5	2	4	
10	1	9	
0	13	4	
12	5	9	
7	0	7	
9	1	11	
13	15	6	
13	14	2	
4	9	6	
5	10	11	
11	8	12	
13	1	3	
3	14	10	
6	4	5	
7	10	14	
7	1	5	
8	7	11	
5	9	11	
4	8	9	
8	6	4	
14	13	12	
14	10	0	
8	8	5	
12	1	12	
12	2	2	
11	14	4	
4	0	4	
11	4	2	
0	13	6	
6	2	1	
14	13	5	
1	4	11	
1	1	7	
9	4	0	
7	8	3	
4	6	1	
14	7	5	
7	1	2	
2	12	8	
14	11	1	
9	10	8	
14	0	13	
13	10	11	
7	5	6	
12	1	6	
5	8	4	
0	9	1	
0	9	11	
5	10	12	
4	2	9	
9	12	3	
11	5	5	
6	12	13	
10	14	14	
6	5	1	
7	9	3	
1	0	10	
9	15	11	
11	13	2	
9	3	8	
9	2	3	
0	11	9	
4	4	11	
14	6	0	
3	5	11	
6	13	11	
0	4	14	
11	9	6	
6	5	13	
14	15	12	
7	14	1	
0	9	9	
3	9	3	
10	4	9	
4	1	15	
3	1	7	
2	0	2	
10	8	3	
0	10	6	
7	2	10	
11	6	5	
7	7	7	
4	2	10	
10	10	5	
8	14	6	
3	14	8	
2	15	0	
9	9	14	
0	7	14	
12	11	13	
4	6	2	
14	2	15	
11	10	1	
12	4	3	
12	5	14	
12	15	3	
5	9	4	
12	7	9	
2	7	14	
1	16	1	
5	13	0	
14	2	7	
5	14	1	
9	16	10	
14	15	0	
11	13	5	
4	12	4	
13	11	14	
9	0	1	
0	6	0	
9	3	4	
10	8	3	
6	6	14	
2	8	6	
3	16	0	
11	16	1	
9	3	6	
12	15	11	
4	8	8	
12	13	9	
14	8	3	
8	7	14	
1	1	2	
6	11	8	
2	14	8	
2	6	7	
6	10	0	
3	3	9	
4	8	14	
10	6	12	
0	1	15	
4	13	3	
14	9	9	
14	15	13	
5	6	2	
11	11	14	
8	14	12	
4	7	15	
0	3	12	
2	15	2	
4	12	15	
11	16	8	
2	16	10	
12	14	16	
0	4	4	
11	12	13	
15	16	7	
3	4	10	
7	0	8	
3	6	0	
11	4	8	
3	10	13	
4	12	0	
2	13	8	
2	12	3	
10	11	4	
1	9	11	
2	9	7	
14	14	12	
13	8	2	
9	13	6	
0	4	14	
12	14	10	
14	11	13	
7	11	1	
14	12	8	
7	5	8	
10	11	11	
14	10	9	
13	14	13	
3	12	8	
9	12	0	
12	1	4	
9	6	6	
5	11	14	
2	6	5	
5	10	8	
14	3	6	
14	12	2	
4	12	1	
6	2	1	
13	11	0	
7	11	6	
5	3	11	
4	15	16	
0	0	9	
3	15	8	
4	3	9	
7	1	11	
9	4	6	
11	13	3	
0	14	10	
2	16	16	
15	6	13	
1	3	11	
10	6	0	
4	11	14	
12	16	0	
0	13	12	
0	9	16	
14	6	13	
14	16	9	
8	2	10	
12	8	7	
2	12	9	
3	10	3	
0	4	13	
14	1	4	
2	17	15	
5	5	5	
5	7	5	
16	14	12	
4	12	6	
14	3	2	
15	7	1	
1	12	0	
5	10	4	
16	16	10	
11	14	16	
10	14	14	
10	17	3	
14	1	6	
7	10	2	
6	1	5	
11	6	2	
14	10	17	
10	0	15	
1	1	5	
14	5	0	
16	0	13	
7	13	0	
0	10	5	
8	2	3	
3	4	6	
6	0	2	
16	11	6	
1	5	0	
14	13	10	
8	14	0	
3	9	8	
2	11	2	
14	2	4	
2	15	4	
5	5	1	
8	6	7	
0	8	15	
13	2	1	
13	12	4	
15	3	0	
13	13	6	
16	5	16	
0	2	14	
6	7	15	
15	11	4	
14	5	13	
16	13	2	
15	7	12	
3	1	3	
12	1	16	
10	3	2	
7	17	8	
8	7	17	
9	14	4	
3	18	17	
8	15	11	
12	16	12	
15	11	5	
8	3	0	
10	3	9	
6	17	14	
3	11	9	
16	5	4	
3	17	0	
11	6	2	
1	11	3	
3	5	12	
15	0	17	
11	18	5	
0	16	6	
3	15	8	
7	4	0	
5	8	2	
1	17	8	
14	4	1	
4	14	18	
10	10	0	
2	6	14	
4	4	16	
14	6	11	
10	14	13	
9	11	12	
11	7	5	
12	6	15	
2	13	18	
7	4	10	
7	14	17	
17	5	7	
7	8	11	
2	13	5	
11	3	14	
10	0	16	
5	4	6	
17	0	14	
4	11	9	
3	0	15	
16	18	8	
13	13	8	
8	0	6	
0	3	11	
17	4	13	
13	10	8	
7	7	7	
7	16	0	
14	5	9	
16	17	12	
3	5	13	
2	18	13	
3	8	6	
12	2	10	
1	12	12	
3	4	3	
14	1	0	
17	11	17	
6	13	9	
13	10	10	
5	7	16	
9	15	15	
1	10	14	
16	5	18	
10	2	5	
14	16	3	
8	0	1	
2	18	10	
15	19	5	
15	13	16	
13	10	17	
0	1	18	
17	14	17	
7	0	8	
14	2	18	
15	11	11	
11	15	2	
10	10	9	
0	11	8	
6	7	4	
9	4	10	
1	0	18	
1	18	15	
11	4	19	
13	0	0	
5	7	18	
14	0	11	
18	3	1	
16	17	5	
13	13	10	
0	4	16	
9	19	18	
1	19	13	
7	5	6	
18	17	13	
6	7	3	
9	10	10	
7	2	8	
0	8	13	
1	7	16	
16	4	16	
2	4	7	
6	16	15	
9	19	3	
6	14	15	
4	0	9	
15	11	12	
16	8	2	
0	4	11	
5	1	0	
0	4	15	
16	18	0	
15	13	12	
0	17	8	
10	19	8	
11	7	7	
16	1	10	
15	17	4	
17	0	2	
0	2	3	
15	11	15	
5	2	7	
12	12	9	
1	14	18	
3	3	6	
18	13	19	
3	0	12	
6	5	2	
13	17	9	
4	9	2	
3	8	7	
12	4	18	
15	5	0	
10	12	9	
8	4	20	
14	14	10	
14	14	14	
19	16	20	
1	9	11	
1	7	1	
3	2	20	
18	17	3	
13	20	0	
8	6	3	
7	12	13	
18	8	10	
8	9	3	
14	6	10	
19	5	9	
11	9	6	
14	3	13	
7	19	13	
18	3	9	
19	20	9	
3	14	13	
8	20	6	
18	12	14	
10	21	2	
5	1	1	
18	6	1	
17	18	15	
8	7	13	
16	3	2	
13	16	9	
18	7	16	
18	17	15	
16	21	1	
10	1	4	
19	19	14	
8	1	7	
19	4	3	
2	7	2	
16	5	1	
16	9	14	
15	7	12	
13	13	14	
18	11	19	
14	13	9	
10	19	10	
1	15	12	
0	8	2	
2	6	13	
11	14	0	
0	6	19	
12	4	9	
16	14	13	
11	9	19	
15	8	15	
7	19	11	
10	14	16	
4	20	7	
7	21	16	
17	17	3	
18	18	7	
13	5	0	
10	16	6	
19	17	0	
9	22	9	
14	6	9	
0	18	21	
1	1	3	
19	7	3	
18	14	0	
2	20	17	
7	3	13	
13	17	13	
9	12	11	
6	14	18	
8	11	22	
4	21	12	
11	20	3	
3	7	13	
14	6	20	
6	16	3	
8	14	19	
19	1	14	
8	16	9	
12	12	21	
12	7	18	
1	6	9	
4	16	10	
14	21	6	
8	1	3	
13	8	0	
12	10	5	
3	17	13	
7	11	10	
0	4	17	
8	21	10	
13	13	4	
14	3	19	
4	11	12	
2	13	0	
16	15	18	
21	17	17	
13	19	4	
14	15	3	
6	18	17	
8	14	11	
20	2	2	
17	0	23	
21	10	7	
1	11	23	
5	14	9	
5	18	23	
5	3	7	
11	21	7	
4	15	21	
2	4	10	
0	12	9	
20	23	3	
14	2	15	
17	20	1	
3	13	16	
13	0	3	
2	19	3	
5	3	15	
17	14	18	
8	23	18	
14	17	2	
7	1	17	
3	0	8	
16	7	22	
3	17	4	
10	4	10	
20	19	21	
11	18	6	
20	8	11	
12	11	6	
22	17	9	
11	8	21	
7	16	11	
8	5	10	
6	23	1	
13	20	0	
22	4	14	
15	19	11	
5	2	4	
15	1	9	
20	16	0	
13	20	24	
8	4	1	
5	8	22	
12	19	6	
2	0	20	
4	5	13	
1	24	11	
21	9	13	
3	20	15	
20	11	7	
6	3	15	
7	5	7	
15	17	12	
3	25	15	
5	4	22	
22	22	5	
14	6	2	
2	2	24	
11	8	16	
13	2	10	
5	7	8	
3	22	7	
4	7	16	
3	20	24	
12	18	3	
5	21	7	
12	12	12	
13	5	12	
12	4	9	
1	8	6	
22	15	12	
4	10	13	
20	4	22	
23	19	25	
23	16	4	
3	18	26	
19	1	3	
12	20	23	
6	21	25	
6	0	0	
17	19	19	
11	0	17	
9	16	21	
12	26	1	
17	3	3	
20	6	8	
2	3	14	
18	9	11	
1	20	1	
0	17	15	
22	7	24	
23	4	15	
20	0	20	
14	19	20	
6	23	12	
5	27	26	
18	17	11	
19	7	12	
5	8	17	
17	5	9	
3	24	18	
15	20	17	
19	15	26	
3	5	6	
1	12	9	
15	0	7	
13	9	4	
12	17	7	
3	21	6	
23	9	7	
7	10	0	
14	19	17	
15	25	25	
10	22	8	
26	9	4	
6	21	0	
17	26	3	
22	24	9	
13	5	14	
20	10	22	
19	1	23	
24	3	11	
14	22	15	
17	29	10	
20	14	19	
7	24	18	
24	3	19	
8	18	8	
19	20	28	
14	28	2	
22	8	0	
18	3	1	
10	27	5	
3	10	27	
5	0	15	
27	8	9	
17	10	3	
2	18	2	
7	7	9	
1	19	11	
3	30	11	
16	2	25	
14	5	27	
27	4	21	
12	22	20	
4	24	26	
6	15	24	
0	21	14	
5	15	21	
1	27	30	
3	8	28	
2	2	16	
12	3	5	
28	29	2	
6	6	27	
3	14	28	
15	15	9	
18	2	10	
21	2	6	
7	29	26	
9	2	28	
28	9	22	
15	27	8	
10	8	11	
26	7	21	
4	13	7	
15	22	24	
28	25	6	
2	1	8	
29	22	19	
12	14	4	
28	12	13	
12	19	19	
0	12	6	
22	18	11	
29	4	26	
10	6	23	
3	27	25	
6	22	29	
28	10	17	
24	13	1	
19	20	7	
28	33	21	
1	20	8	
9	15	17	
2	2	10	
21	10	24	
4	28	5	
31	0	23	
4	13	25	
23	14	25	
29	1	27	
16	20	23	
8	13	30	
10	23	6	
32	15	25	
29	32	26	
14	8	10	
15	2	30	
8	22	19	
0	12	9	
17	4	1	
3	9	15	
24	30	4	
8	19	32	
32	29	20	
6	20	31	
29	9	31	
8	31	10	
12	6	24	
30	23	33	
19	23	4	
15	6	11	
33	18	16	
12	27	4	
28	33	29	
21	3	16	
32	7	30	
15	0	27	
2	29	30	
26	36	27	
28	33	11	
12	24	21	
7	4	29	
18	18	10	
17	33	10	
7	22	27	
17	29	17	
9	39	0	
3	15	9	
8	20	24	
7	32	14	
11	20	38	
31	15	24	
15	11	0	
21	14	6	
21	30	9	
15	39	25	
19	3	21	
2	2	2	
17	29	0	
31	40	8	
7	17	14	
3	38	35	
37	16	20	
32	5	26	
14	29	22	
31	32	11	
27	24	4	
38	29	13	
2	28	40	
31	14	16	
3	10	15	
28	32	0	
16	42	25	
0	2	25	
25	23	42	
17	7	18	
39	38	1	
9	34	28	
23	24	40	
19	22	38	
12	4	22	
2	7	40	
38	16	33	
33	29	26	
9	22	42	
4	33	40	
42	9	17	
30	34	29	
30	37	5	
1	44	36	
15	17	42	
8	41	45	
41	18	42	
4	47	11	
30	31	23	
9	11	14	
4	45	35	
9	3	2	
7	46	45	
24	24	31	
41	36	22	
33	5	6	
44	45	14	
15	23	18	
8	24	21	
16	40	14	
12	5	24	
32	16	3	
18	0	19	
7	26	4	
0	39	42	
11	21	20	
35	37	36	
9	22	36	
51	12	12	
52	40	14	
23	54	22	
25	8	27	
39	51	5	
21	5	23	
11	8	3	
13	16	49	
26	52	24	
51	13	42	
42	11	26	
47	0	29	
36	38	9	
21	46	28	
16	7	10	
26	29	52	
40	54	56	
32	18	36	
13	7	32	
48	59	8	
51	64	15	
23	38	25	
14	1	21	
7	6	18	
4	6	67	
33	68	60	
6	54	11	
48	19	32	
30	52	69	
16	8	44	
51	70	66	
66	14	39	
54	3	40	
62	8	72	
57	24	53	
32	18	67	
49	77	73	
27	18	12	
67	29	34	
13	25	18	
39	88	27	
19	7	8	
26	69	80	
3	50	54	
44	91	16	
78	70	58	
84	80	81	
78	55	54	
14	45	27	
83	36	91	
29	90	51	
50	8	20	
4	55	77	
91	95	67	
68	21	19	
42	80	20	
97	106	112	
15	63	67	
84	28	1	
111	123	20	
53	93	87	
102	109	133	
30	42	106	
112	9	89	
119	33	41	
111	202	16	
175	39	100	
46	278	248	
108	89	177	
306	191	335	
40	19	5	
18	10	13	
17	32	38	
12	8	36	
10	13	27	
38	26	22	
29	19	14	
26	20	5	
26	20	33	
39	36	25	
26	20	34	
11	28	30	
14	20	9	
37	16	40	
20	25	17	
8	9	14	
36	18	26	
12	9	39	
25	19	19	
21	37	38	
28	29	27	
13	24	18	
8	34	33	
13	27	6	
16	38	8	
40	21	10	
23	26	12	
16	38	40	
23	27	10	
28	33	36	
11	10	16	
5	7	26	
10	7	9	
19	36	20	
40	39	35	
27	25	34	
27	10	31	
15	24	26	
9	27	36	
27	10	9	
8	39	12	
8	33	13	
12	39	27	
31	34	29	
9	19	5	
22	31	36	
25	15	19	
27	20	35	
33	32	32	
28	39	35	
14	9	27	
10	33	31	
16	32	38	
33	33	6	
15	19	23	
22	11	21	
27	36	36	
11	32	39	
34	31	32	
28	26	8	
39	39	30	
5	22	14	
33	26	25	
35	36	24	
20	40	36	
35	21	28	
26	33	10	
6	23	32	
9	12	34	
21	11	18	
23	21	22	
18	22	11	
32	16	15	
32	27	21	
14	34	12	
32	7	35	
33	33	7	
17	35	7	
27	35	12	
16	5	25	
27	16	25	
35	25	16	
11	6	19	
30	23	34	
40	19	40	
8	29	40	
23	30	29	
22	5	8	
8	38	22	
33	14	38	
26	28	29	
11	5	35	
27	32	8	
8	16	6	
34	35	25	
13	26	6	
16	20	39	
17	33	8	
23	5	14	
36	25	22	
35	22	21	
15	30	37	
10	28	22	
24	8	34	
13	12	32	
23	27	15	
16	13	23	
11	19	10	
9	34	17	
8	26	22	
21	18	40	
14	11	9	
8	32	25	
37	17	10	
33	30	37	
20	5	40	
36	31	5	
16	25	29	
37	7	8	
26	37	18	
11	26	39	
17	8	14	
37	35	6	
13	38	33	
35	39	19	
17	36	9	
20	6	21	
20	11	6	
28	24	31	
25	26	10	
13	38	8	
14	40	38	
39	15	22	
10	31	10	
6	7	7	
7	34	15	
29	7	5	
35	36	9	
40	6	37	
31	16	27	
35	5	7	
35	15	38	
27	8	35	
38	21	31	
12	26	39	
40	21	19	
26	10	29	
15	37	12	
7	13	16	
8	15	21	
14	34	22	
21	33	15	
28	13	7	
19	17	24	
39	19	21	
39	32	18	
34	28	38	
26	13	8	
21	20	16	
6	28	5	
32	14	13	
11	26	24	
19	18	37	
10	32	38	
23	13	34	
38	15	34	
33	24	21	
13	29	16	
24	8	9	
17	20	25	
8	25	9	
37	10	15	
28	10	26	
16	31	36	
13	14	33	
40	23	10	
23	11	24	
17	6	21	
17	40	31	
10	23	16	
24	28	23	
26	7	20	
6	16	22	
37	30	17	
30	40	11	
25	5	22	
10	38	34	
12	25	11	
28	15	9	
17	34	20	
20	14	10	
35	15	40	
15	14	8	
37	18	12	
32	29	17	
12	22	21	
21	11	25	
9	32	19	
30	40	31	
25	34	12	
32	17	33	
26	14	25	
26	28	15	
39	30	12	
6	15	19	
28	5	29	
9	11	32	
19	10	29	
36	24	35	
12	11	37	
37	16	19	
27	30	16	
12	40	12	
23	24	22	
17	5	25	
9	39	25	
40	30	17	
20	5	11	
6	23	23	
29	8	33	
16	27	25	
24	22	14	
21	36	33	
5	23	24	
17	5	30	
