num_K_resource = 3
num_I_interface = 300
num_J_service = 2000
88	100	68	
90	61	60	
61	94	84	
31	76	27	
78	29	40	
70	65	32	
98	75	75	
97	74	59	
92	56	24	
98	88	69	
95	26	97	
88	65	97	
63	82	26	
91	50	55	
49	63	81	
72	78	49	
89	71	64	
62	76	66	
41	39	62	
43	98	24	
86	73	82	
88	84	98	
58	98	65	
79	60	67	
93	49	75	
49	77	32	
99	69	29	
83	56	41	
49	22	87	
60	57	87	
95	57	63	
47	28	30	
33	31	39	
51	49	42	
43	75	75	
42	88	36	
98	80	96	
83	48	84	
54	95	94	
93	98	74	
76	47	56	
87	48	91	
55	69	44	
94	56	80	
72	69	32	
49	53	45	
79	76	87	
85	80	85	
100	69	89	
64	61	20	
56	77	71	
86	81	86	
60	85	56	
59	89	71	
46	67	100	
35	95	45	
36	50	88	
63	59	100	
71	33	92	
97	87	35	
34	55	36	
26	28	25	
74	30	30	
94	20	60	
89	53	82	
59	93	82	
70	85	67	
32	50	55	
23	39	22	
89	44	47	
24	97	91	
68	45	85	
46	74	77	
60	43	45	
25	95	81	
33	44	25	
84	50	50	
67	59	29	
32	32	60	
84	59	52	
88	25	93	
97	58	33	
20	54	94	
100	23	75	
97	47	84	
64	53	65	
32	99	98	
46	63	100	
38	62	75	
56	82	33	
81	90	69	
35	52	51	
78	26	74	
20	95	34	
58	59	99	
74	61	77	
26	26	33	
92	72	36	
64	87	65	
52	27	32	
75	29	78	
90	24	67	
39	53	44	
66	90	31	
84	32	60	
79	31	36	
73	40	55	
96	88	62	
97	91	23	
60	69	66	
35	27	97	
79	52	60	
23	91	81	
41	83	34	
44	99	49	
69	38	41	
30	34	91	
67	65	36	
51	69	95	
63	86	90	
96	71	54	
31	38	49	
21	56	88	
59	97	36	
73	74	87	
35	92	24	
56	100	62	
25	94	70	
94	72	67	
94	60	67	
84	51	62	
98	96	35	
23	71	94	
91	33	69	
58	61	46	
31	58	97	
23	80	70	
85	85	72	
79	86	53	
91	97	39	
61	80	26	
21	76	78	
59	36	88	
58	69	62	
27	38	72	
61	25	96	
52	20	90	
79	88	75	
51	99	53	
33	46	41	
69	55	78	
22	95	40	
39	88	60	
30	99	25	
81	71	28	
27	55	63	
27	77	97	
69	89	89	
89	68	66	
51	34	34	
48	96	49	
47	82	77	
79	28	46	
24	24	98	
76	92	35	
100	29	82	
56	99	60	
50	69	64	
91	78	26	
64	66	60	
56	92	69	
90	73	90	
39	47	26	
31	64	89	
93	80	35	
76	91	93	
54	65	99	
41	46	30	
20	31	39	
78	67	68	
60	36	82	
93	69	80	
68	96	68	
83	74	56	
91	63	55	
62	60	63	
97	39	82	
66	98	85	
59	58	96	
40	68	22	
27	86	50	
75	90	46	
41	24	97	
62	36	32	
52	71	79	
32	77	51	
69	77	79	
47	40	76	
99	28	85	
32	52	40	
25	69	100	
45	31	52	
69	83	92	
28	31	67	
48	88	42	
90	92	65	
54	58	53	
88	71	30	
53	69	44	
72	21	38	
57	25	33	
36	45	37	
70	27	21	
56	39	94	
39	34	38	
65	62	86	
67	51	97	
94	76	84	
41	23	33	
80	85	98	
81	21	52	
31	83	44	
80	76	65	
83	41	23	
55	49	99	
46	94	41	
57	76	52	
23	45	95	
32	79	52	
25	90	47	
25	72	67	
30	72	55	
39	39	72	
97	69	83	
77	84	21	
23	81	29	
54	36	68	
39	50	77	
35	76	51	
29	97	74	
41	51	44	
42	97	57	
82	60	41	
26	21	39	
46	73	86	
58	96	50	
69	75	74	
93	68	80	
94	50	94	
59	92	73	
99	94	60	
77	50	60	
36	35	62	
46	99	75	
63	84	34	
44	41	49	
66	62	39	
32	56	35	
41	100	91	
82	59	66	
28	50	79	
49	31	90	
87	97	70	
80	84	62	
96	77	60	
94	61	88	
88	45	73	
57	20	77	
59	32	66	
47	60	56	
62	40	46	
63	67	27	
32	37	89	
48	50	91	
71	34	25	
65	92	96	
70	78	63	
74	49	95	
94	65	53	
32	74	72	
52	78	49	
92	84	79	
25	79	92	
91	41	53	
64	68	38	
94	77	57	
47	37	75	
71	55	46	
42	57	72	
96	80	89	
85	44	73	
75	96	87	
72	85	92	
57	32	84	
67	91	28	
36	98	94	
70	51	31	
30	82	67	
88	78	50	
49	63	31	
9	1	4	
2	7	2	
8	5	9	
8	9	9	
1	6	9	
5	9	2	
3	8	9	
1	2	1	
8	8	1	
7	0	7	
5	4	3	
3	1	9	
4	9	4	
3	5	3	
1	4	3	
9	2	2	
8	6	0	
0	3	1	
2	5	9	
9	0	0	
0	4	3	
1	1	9	
7	4	1	
3	5	7	
3	0	7	
5	9	8	
7	8	5	
4	9	0	
6	9	3	
0	6	7	
1	4	6	
0	1	7	
6	6	0	
1	3	7	
8	3	1	
7	0	8	
1	5	8	
1	7	2	
8	4	3	
5	5	0	
9	3	3	
5	4	1	
0	4	7	
5	2	1	
3	9	5	
5	6	7	
4	8	8	
7	0	0	
7	5	1	
7	1	7	
3	0	1	
2	8	5	
3	8	4	
8	4	9	
3	1	5	
7	5	9	
2	7	7	
0	3	1	
0	6	1	
4	0	5	
3	3	0	
7	0	9	
7	9	8	
1	8	2	
7	5	9	
1	7	9	
2	2	6	
4	5	3	
0	0	7	
8	1	1	
9	6	3	
7	4	6	
8	5	4	
8	8	9	
0	3	2	
1	5	8	
3	6	1	
8	0	8	
9	0	2	
6	9	5	
0	2	4	
3	4	2	
0	3	0	
1	5	0	
4	5	5	
4	7	0	
7	3	0	
0	8	5	
8	5	9	
1	1	9	
0	8	0	
5	4	7	
7	8	2	
6	8	4	
5	6	3	
5	7	2	
8	7	3	
4	9	1	
0	0	1	
0	9	1	
7	5	1	
9	0	1	
7	3	2	
2	6	1	
4	1	4	
4	5	9	
4	2	0	
8	5	3	
5	5	8	
0	0	3	
2	0	1	
1	0	7	
1	4	4	
0	1	1	
9	6	7	
3	1	6	
6	6	1	
0	7	4	
3	9	8	
6	0	1	
7	7	3	
2	1	8	
8	4	1	
1	8	3	
0	8	1	
9	8	3	
9	1	2	
3	1	4	
1	8	0	
3	0	8	
2	3	9	
5	1	9	
7	8	8	
2	7	1	
2	5	0	
4	2	6	
5	9	9	
2	8	5	
2	9	6	
7	2	4	
0	1	4	
3	5	7	
4	7	3	
9	6	3	
7	7	2	
9	4	0	
5	7	6	
9	7	6	
9	4	9	
3	2	8	
4	7	8	
3	6	9	
2	3	3	
7	9	8	
4	9	6	
3	6	9	
2	1	3	
1	8	6	
8	0	7	
0	4	3	
9	4	5	
9	1	0	
0	1	7	
7	9	5	
7	8	5	
2	9	8	
1	0	6	
4	2	5	
7	5	1	
0	6	2	
5	7	8	
8	4	6	
7	6	0	
7	5	4	
6	4	3	
2	3	5	
0	3	8	
5	2	9	
8	10	7	
2	6	2	
5	5	7	
2	7	8	
1	8	0	
1	2	6	
0	4	9	
9	0	9	
1	3	2	
1	9	0	
1	10	1	
3	3	9	
1	8	7	
3	2	8	
2	5	0	
7	9	6	
0	10	6	
8	5	5	
1	8	0	
6	8	8	
5	10	9	
1	10	7	
7	10	1	
8	10	7	
7	4	0	
0	4	6	
4	9	5	
5	6	2	
2	10	6	
3	7	1	
6	5	4	
9	3	2	
6	0	1	
8	10	7	
2	9	6	
6	9	9	
9	0	2	
3	7	5	
0	4	9	
4	9	7	
2	1	9	
1	2	3	
6	5	3	
3	9	6	
1	10	1	
1	2	6	
0	2	2	
9	2	2	
5	10	1	
2	10	9	
4	3	8	
0	5	4	
5	1	7	
2	7	8	
7	4	5	
6	7	3	
1	2	0	
8	2	0	
9	7	4	
8	8	2	
4	6	6	
8	7	4	
3	10	4	
5	4	3	
1	3	8	
6	7	4	
0	5	10	
5	0	2	
0	5	0	
4	10	3	
8	9	10	
5	8	10	
3	6	0	
8	0	6	
4	5	8	
2	8	1	
9	4	10	
8	5	6	
3	1	7	
9	9	3	
4	7	1	
0	10	2	
9	1	7	
2	3	5	
6	7	6	
3	1	7	
5	8	3	
3	6	2	
7	2	9	
6	7	6	
9	6	0	
9	4	10	
2	5	4	
7	2	10	
6	4	5	
8	2	0	
7	8	6	
10	2	5	
6	1	8	
8	8	7	
3	2	2	
5	3	3	
1	0	8	
9	0	5	
1	3	5	
5	3	4	
0	8	4	
8	6	2	
1	6	8	
0	10	2	
9	10	5	
0	2	0	
6	2	10	
10	7	5	
8	5	4	
9	2	10	
10	6	1	
4	10	0	
0	6	7	
10	5	1	
8	8	0	
4	9	10	
9	9	10	
8	2	9	
0	8	4	
1	5	3	
2	2	0	
10	2	5	
7	8	1	
10	7	4	
6	3	8	
5	0	10	
5	2	2	
6	10	4	
3	9	3	
10	8	8	
5	4	5	
0	9	6	
0	6	5	
2	3	10	
1	3	2	
5	9	8	
4	10	5	
8	0	5	
10	4	3	
7	1	5	
1	7	4	
8	2	5	
5	0	0	
8	1	10	
8	2	1	
6	9	10	
7	7	6	
2	0	10	
3	7	9	
0	5	0	
0	7	5	
6	7	3	
3	7	3	
6	9	1	
8	2	4	
7	10	6	
6	2	6	
6	2	6	
7	7	5	
0	3	9	
9	1	0	
2	10	4	
4	6	8	
4	9	9	
9	4	4	
4	3	8	
10	3	9	
3	6	8	
6	3	10	
5	5	2	
7	3	3	
5	10	2	
0	4	5	
7	2	4	
8	1	4	
0	6	0	
5	9	9	
3	3	0	
2	6	9	
8	7	3	
6	7	8	
7	8	6	
1	6	9	
10	3	2	
5	9	10	
1	6	6	
6	6	6	
10	3	5	
1	0	10	
3	2	10	
8	7	4	
7	1	7	
10	5	8	
4	7	0	
1	1	2	
1	3	1	
8	10	4	
6	5	10	
2	4	1	
9	7	4	
9	8	1	
7	1	0	
2	7	5	
5	5	7	
4	6	5	
5	9	10	
0	10	8	
0	5	5	
6	5	7	
2	1	7	
9	3	5	
6	2	10	
1	8	7	
4	0	1	
8	6	2	
1	0	0	
8	4	4	
10	7	7	
2	10	6	
1	10	5	
6	5	10	
5	2	0	
2	4	3	
4	1	2	
0	2	4	
1	8	0	
9	9	4	
6	9	1	
1	2	3	
5	9	9	
3	3	4	
0	8	3	
8	0	8	
10	10	1	
10	10	9	
9	5	7	
1	5	6	
9	10	1	
1	7	2	
10	3	10	
7	9	3	
4	8	9	
10	5	8	
8	5	6	
9	2	8	
1	8	3	
0	1	6	
5	7	2	
6	9	8	
8	2	9	
6	8	4	
8	6	0	
2	3	7	
5	10	8	
3	1	1	
5	2	5	
10	5	3	
10	0	7	
1	9	2	
10	9	8	
0	7	8	
8	1	2	
0	9	10	
6	8	8	
6	7	1	
8	2	8	
6	8	6	
0	7	2	
8	6	8	
0	10	6	
5	7	9	
1	6	7	
9	5	8	
1	3	5	
10	2	3	
5	2	2	
1	4	5	
6	7	5	
8	5	5	
6	10	7	
6	7	8	
0	3	4	
10	2	6	
9	7	8	
2	8	3	
2	2	7	
8	10	1	
7	6	10	
0	1	4	
7	1	7	
7	1	9	
0	2	10	
4	9	9	
1	3	10	
2	10	10	
9	7	6	
8	8	4	
6	10	6	
9	5	6	
8	2	5	
2	8	6	
5	6	10	
3	10	7	
2	8	4	
6	7	10	
6	0	0	
7	10	9	
6	7	8	
9	0	3	
0	0	6	
5	0	6	
5	0	0	
1	11	8	
3	11	3	
8	8	2	
3	3	1	
8	2	4	
1	8	3	
3	1	2	
6	3	6	
10	10	3	
10	7	1	
1	0	1	
7	6	6	
4	6	7	
1	9	3	
1	5	4	
4	8	9	
1	4	2	
2	1	6	
9	11	10	
2	1	5	
9	0	4	
7	10	5	
5	11	8	
3	10	4	
8	5	3	
10	11	10	
10	11	0	
6	8	0	
9	2	10	
1	5	6	
3	3	5	
1	3	3	
8	5	9	
2	0	5	
6	7	6	
8	1	8	
8	5	6	
2	1	9	
9	0	3	
4	9	0	
8	2	7	
6	11	2	
6	4	11	
4	0	7	
8	0	4	
7	5	8	
6	3	4	
10	11	6	
0	4	0	
2	5	10	
7	7	3	
5	9	2	
2	9	0	
1	6	2	
5	11	9	
6	10	6	
7	8	2	
6	0	4	
10	9	5	
9	11	2	
0	2	1	
0	11	2	
10	6	6	
2	10	0	
6	0	8	
6	5	4	
11	4	4	
9	5	2	
1	5	4	
10	9	1	
3	0	0	
6	9	3	
0	4	0	
3	8	6	
1	6	10	
5	8	1	
3	8	5	
2	5	1	
2	4	8	
8	1	10	
3	2	10	
3	9	0	
5	5	5	
4	6	11	
8	7	2	
1	4	1	
4	3	6	
6	9	2	
0	1	2	
8	0	3	
7	7	5	
7	8	1	
1	7	0	
7	0	8	
8	3	1	
3	6	3	
10	1	8	
9	8	7	
10	4	9	
6	6	2	
9	5	11	
3	3	0	
1	3	3	
8	9	0	
7	4	4	
11	11	9	
11	7	10	
9	1	1	
8	4	5	
11	6	5	
4	9	2	
10	9	9	
0	3	3	
0	9	10	
9	9	10	
6	1	8	
6	6	11	
6	11	8	
11	2	8	
1	11	1	
11	0	11	
7	9	3	
6	3	6	
10	10	11	
8	2	7	
2	5	6	
11	1	6	
4	10	9	
6	10	9	
8	7	0	
3	2	6	
0	11	4	
5	0	2	
10	9	0	
5	4	6	
9	9	4	
9	1	10	
3	1	2	
6	11	1	
3	5	6	
5	10	1	
4	8	2	
10	6	6	
3	7	8	
7	9	9	
2	0	3	
1	8	4	
4	1	9	
10	7	5	
8	10	7	
8	3	9	
4	9	10	
11	9	6	
8	10	1	
0	11	8	
2	11	7	
4	3	4	
5	5	6	
2	6	9	
10	9	8	
11	4	8	
1	6	10	
4	1	5	
1	11	5	
7	1	5	
10	8	7	
0	7	3	
1	9	0	
4	1	6	
4	2	2	
5	8	5	
8	7	7	
1	8	3	
5	4	11	
3	6	4	
10	7	6	
2	7	3	
7	10	9	
3	8	1	
1	9	3	
11	5	10	
5	4	10	
9	11	2	
8	0	3	
10	3	8	
5	0	8	
9	5	5	
3	1	4	
6	2	7	
11	9	6	
10	1	0	
3	3	8	
6	5	8	
9	0	8	
4	0	11	
3	8	1	
0	8	0	
8	11	8	
3	6	0	
1	11	2	
4	10	10	
11	3	3	
4	3	10	
3	1	4	
1	2	0	
0	5	8	
10	0	1	
8	11	9	
11	5	4	
11	9	10	
2	10	8	
8	10	7	
6	8	9	
1	11	6	
10	6	4	
8	3	10	
2	2	11	
2	6	5	
9	11	6	
3	4	3	
5	8	0	
5	5	1	
1	4	3	
6	5	11	
6	8	10	
5	3	1	
11	1	10	
0	9	2	
11	2	5	
8	10	3	
4	6	0	
8	7	6	
4	4	3	
0	3	7	
4	10	11	
3	3	0	
7	5	7	
2	1	6	
6	0	3	
4	9	4	
9	9	5	
2	1	5	
10	8	0	
10	10	11	
8	7	8	
7	10	5	
5	7	7	
4	6	8	
5	3	3	
5	12	10	
9	6	2	
3	2	6	
6	9	4	
5	12	8	
7	0	3	
8	10	4	
3	5	9	
0	9	3	
6	3	5	
4	6	5	
10	6	6	
5	0	12	
11	1	7	
9	3	5	
4	7	8	
7	12	3	
3	12	8	
8	11	9	
0	5	3	
6	1	0	
8	10	2	
8	6	11	
9	10	6	
1	12	10	
5	4	9	
2	11	8	
2	2	7	
6	1	1	
6	8	12	
10	10	2	
0	10	7	
7	6	12	
11	4	1	
3	9	3	
9	7	6	
10	1	2	
8	8	11	
2	8	1	
8	10	8	
3	4	5	
1	11	1	
4	11	9	
12	3	11	
3	7	2	
6	10	8	
12	7	8	
8	4	6	
7	2	11	
5	9	4	
2	4	8	
4	7	7	
5	7	11	
9	4	12	
8	9	5	
6	7	1	
7	5	3	
5	6	4	
0	10	0	
10	4	1	
8	10	11	
11	3	7	
10	5	6	
3	9	2	
3	4	9	
9	4	3	
9	10	10	
5	10	8	
2	2	8	
5	12	9	
10	10	0	
0	11	7	
2	2	2	
5	12	1	
7	7	11	
5	0	8	
10	0	3	
1	3	5	
9	4	6	
12	1	1	
1	7	1	
1	12	8	
4	12	1	
7	8	2	
6	10	3	
4	12	11	
8	2	5	
12	0	7	
6	6	8	
3	3	3	
4	0	5	
0	10	6	
9	1	11	
11	0	6	
12	8	2	
2	1	1	
12	8	10	
4	0	1	
2	12	3	
3	3	12	
5	12	10	
4	9	6	
5	11	6	
0	2	0	
9	3	6	
9	9	9	
7	9	9	
4	1	0	
4	4	2	
4	1	9	
0	6	11	
5	1	5	
1	7	1	
11	9	9	
5	7	4	
7	7	11	
2	11	4	
0	11	11	
4	9	2	
6	9	9	
11	1	12	
8	5	1	
1	9	4	
6	11	12	
7	7	12	
7	7	6	
3	1	4	
2	7	2	
2	5	9	
6	4	5	
10	5	1	
4	0	11	
2	5	1	
12	8	7	
5	11	6	
8	4	5	
9	6	5	
3	4	10	
7	5	4	
9	6	3	
9	9	8	
9	11	5	
1	3	1	
8	6	12	
11	10	3	
6	10	2	
7	7	8	
4	8	8	
1	0	12	
0	4	12	
6	4	3	
12	12	3	
8	1	6	
5	2	10	
0	8	2	
6	11	11	
11	2	10	
8	6	6	
3	6	9	
12	8	9	
9	6	7	
12	10	7	
6	10	7	
3	7	12	
7	2	9	
2	7	5	
2	0	3	
6	7	6	
3	6	6	
4	3	7	
9	2	7	
5	1	10	
4	0	4	
2	3	5	
5	10	2	
7	0	11	
4	8	2	
7	5	0	
7	1	4	
7	4	9	
10	12	9	
2	9	11	
5	4	11	
6	0	5	
10	2	11	
7	4	12	
5	1	5	
7	7	10	
9	6	13	
6	7	1	
6	8	7	
9	6	11	
0	11	8	
7	5	3	
1	10	13	
11	6	12	
1	0	11	
8	3	4	
8	6	12	
5	13	0	
5	1	6	
8	7	10	
10	3	6	
2	6	4	
12	4	8	
6	13	2	
10	7	8	
7	5	0	
10	1	11	
3	5	7	
2	0	12	
11	7	4	
0	9	1	
12	2	8	
8	13	9	
9	10	1	
6	13	12	
4	2	2	
8	5	7	
11	13	5	
11	2	8	
1	5	0	
11	6	5	
0	0	1	
13	13	5	
6	9	5	
2	4	10	
10	10	6	
13	5	1	
8	7	6	
13	9	11	
10	4	1	
1	10	2	
12	9	3	
5	9	0	
10	1	8	
0	1	7	
12	9	4	
3	1	4	
6	13	1	
4	9	4	
9	1	7	
11	10	7	
9	3	11	
4	10	4	
3	3	8	
9	10	0	
8	13	12	
8	13	10	
11	6	12	
6	1	0	
5	6	8	
3	8	11	
2	11	9	
7	3	7	
11	3	13	
0	10	11	
11	10	7	
13	4	4	
4	9	12	
11	12	2	
2	4	0	
5	3	0	
2	4	8	
7	0	1	
12	11	8	
12	11	3	
10	0	7	
7	5	0	
6	3	5	
1	3	10	
6	13	1	
3	4	2	
1	4	2	
9	5	12	
8	0	12	
6	3	3	
2	4	7	
10	4	8	
8	2	12	
5	9	12	
8	9	10	
13	8	7	
6	6	5	
10	5	5	
13	7	7	
0	4	12	
8	8	5	
1	7	13	
13	4	8	
8	1	1	
0	9	2	
13	9	7	
11	6	0	
10	12	2	
11	4	1	
11	4	9	
10	8	10	
7	0	3	
8	7	4	
12	7	11	
11	6	10	
13	12	1	
0	5	12	
10	0	3	
0	6	13	
9	9	4	
0	4	4	
0	4	10	
13	10	12	
1	7	11	
7	9	0	
12	6	13	
4	9	9	
7	1	9	
12	0	13	
7	9	11	
7	6	13	
1	1	9	
1	7	0	
13	14	2	
7	5	11	
0	11	8	
3	9	10	
0	4	2	
12	0	4	
12	6	2	
2	7	13	
13	13	12	
8	2	11	
2	3	2	
11	14	0	
1	3	5	
4	0	8	
11	0	13	
4	14	14	
2	10	6	
13	7	1	
9	0	4	
1	3	0	
0	11	5	
11	13	14	
5	4	5	
8	5	13	
5	6	0	
10	12	4	
7	2	14	
7	1	8	
4	10	9	
6	4	1	
11	3	12	
7	2	2	
4	3	3	
2	11	13	
11	2	4	
1	9	1	
5	9	2	
4	12	13	
0	0	11	
2	13	10	
5	14	10	
12	3	6	
9	12	1	
10	2	3	
10	9	14	
12	13	2	
11	14	3	
9	2	8	
11	2	2	
11	11	11	
4	9	6	
0	14	14	
13	10	7	
7	6	2	
6	12	11	
7	4	9	
14	13	5	
11	1	6	
2	2	1	
3	4	12	
7	6	13	
0	14	3	
6	8	9	
7	5	13	
0	9	1	
10	8	14	
7	9	10	
10	0	12	
10	1	2	
8	14	5	
11	13	0	
3	2	1	
0	9	9	
14	0	12	
6	1	3	
7	3	6	
11	6	10	
0	14	9	
4	13	11	
11	5	5	
13	2	0	
5	6	13	
10	0	2	
14	0	7	
13	10	1	
4	11	9	
5	4	13	
2	1	1	
13	12	6	
7	1	4	
4	3	12	
10	2	3	
13	3	8	
3	6	3	
9	13	0	
0	13	11	
14	5	0	
1	9	7	
4	3	7	
3	6	12	
6	6	10	
0	7	6	
13	4	9	
14	13	4	
5	14	6	
10	3	6	
13	14	11	
4	7	5	
12	7	4	
3	0	12	
2	8	10	
0	11	13	
13	3	14	
11	13	9	
2	12	2	
12	1	14	
6	11	2	
6	7	7	
10	4	1	
1	1	10	
7	4	2	
3	11	9	
9	14	12	
5	11	10	
11	11	4	
10	8	3	
3	7	7	
7	4	0	
0	7	7	
9	3	6	
3	11	3	
7	13	14	
6	12	1	
8	6	9	
6	11	11	
9	4	15	
8	12	15	
11	3	2	
0	10	15	
1	7	14	
0	2	5	
4	3	13	
5	7	11	
14	15	3	
4	15	0	
3	1	10	
7	13	0	
8	6	13	
11	1	5	
7	2	11	
1	4	6	
2	8	11	
15	1	10	
3	9	8	
9	10	13	
14	4	1	
1	15	10	
10	3	15	
6	8	14	
11	11	10	
2	15	5	
7	1	0	
0	6	7	
6	6	5	
0	11	4	
9	12	6	
11	15	2	
11	8	12	
14	0	8	
3	12	3	
11	10	0	
15	4	0	
1	5	5	
13	5	5	
2	8	0	
10	14	2	
7	11	11	
2	11	14	
7	15	6	
14	3	14	
6	9	2	
15	6	4	
8	0	5	
9	6	14	
10	0	3	
2	11	8	
7	5	10	
10	5	9	
3	7	13	
15	9	4	
9	6	13	
0	4	4	
4	11	10	
3	10	1	
4	4	15	
10	10	5	
2	2	4	
8	13	3	
7	12	2	
3	8	12	
13	6	10	
1	4	5	
9	9	5	
11	15	15	
2	3	6	
2	8	3	
3	12	7	
8	15	1	
13	16	12	
1	16	13	
7	7	0	
9	2	15	
11	7	12	
12	14	14	
5	8	13	
0	7	10	
14	12	10	
11	13	7	
4	11	2	
13	13	6	
3	1	0	
4	10	14	
8	13	6	
15	14	2	
6	8	14	
6	12	12	
6	2	6	
15	5	5	
5	9	9	
1	11	4	
9	3	7	
7	14	12	
9	8	3	
12	9	11	
1	16	3	
0	16	1	
15	5	8	
1	11	15	
6	3	5	
7	3	2	
16	14	4	
13	5	6	
13	5	8	
3	2	1	
5	1	3	
12	2	7	
1	11	9	
10	3	3	
2	15	15	
12	16	10	
14	16	0	
13	11	16	
7	3	16	
14	6	3	
4	5	1	
11	15	2	
8	1	8	
14	12	8	
7	4	7	
15	8	15	
9	9	10	
13	8	12	
4	5	7	
3	16	2	
11	15	3	
12	0	12	
8	16	16	
11	1	15	
11	11	4	
4	0	1	
13	5	6	
9	13	0	
6	8	7	
0	0	10	
6	4	11	
5	6	6	
9	10	4	
2	1	7	
10	14	9	
12	0	5	
12	0	2	
4	14	14	
14	2	5	
10	6	15	
15	8	5	
7	15	14	
0	15	16	
8	0	14	
10	17	10	
7	11	4	
7	12	16	
15	9	13	
4	9	11	
15	9	12	
16	8	15	
12	1	1	
8	1	1	
8	12	7	
11	5	1	
3	7	17	
3	12	5	
14	10	1	
15	7	1	
10	7	2	
10	1	15	
15	13	5	
2	10	4	
6	6	3	
1	7	10	
16	5	9	
0	7	8	
5	0	6	
2	8	16	
8	12	2	
9	15	15	
4	11	17	
4	0	8	
12	5	2	
7	9	12	
6	4	8	
16	13	7	
6	15	8	
17	0	11	
6	17	16	
10	16	11	
3	17	4	
8	2	5	
9	3	5	
9	7	9	
14	17	1	
8	8	15	
0	2	3	
12	3	16	
12	9	6	
6	4	4	
12	13	9	
4	8	7	
9	13	8	
11	5	1	
11	15	16	
6	4	8	
16	11	0	
13	14	7	
12	0	8	
16	10	0	
13	4	1	
2	6	10	
12	6	16	
9	6	11	
15	15	8	
5	8	8	
9	10	15	
7	14	5	
15	8	14	
9	11	6	
9	15	5	
1	14	5	
3	3	3	
15	15	10	
11	1	5	
3	3	8	
11	16	7	
7	10	14	
11	18	10	
2	8	2	
6	18	1	
4	9	6	
2	1	18	
17	10	5	
4	15	11	
4	0	18	
5	16	6	
2	5	1	
5	16	8	
7	15	2	
7	13	7	
8	10	12	
8	13	12	
10	9	8	
14	15	17	
5	9	13	
12	11	18	
13	1	18	
10	13	12	
6	7	3	
4	16	8	
9	6	18	
11	3	3	
15	9	3	
0	8	6	
7	6	1	
8	5	1	
1	8	2	
0	18	10	
16	5	7	
4	13	1	
16	0	16	
0	3	8	
13	1	6	
18	9	13	
8	2	14	
9	3	9	
1	1	15	
12	14	2	
16	4	6	
1	15	16	
0	3	14	
14	11	9	
7	9	0	
7	18	1	
11	0	9	
5	9	3	
14	12	9	
14	16	15	
4	16	7	
14	4	19	
15	17	1	
2	3	19	
14	18	6	
14	10	18	
9	18	11	
8	1	9	
13	13	17	
13	3	7	
13	8	19	
4	5	1	
16	2	3	
0	10	2	
14	0	13	
10	6	10	
8	3	13	
6	19	16	
5	16	13	
0	14	9	
1	6	9	
12	1	5	
7	0	19	
16	6	12	
16	0	2	
2	17	18	
4	10	17	
5	6	4	
13	0	14	
15	2	19	
9	12	9	
3	15	17	
8	7	9	
8	7	13	
0	6	6	
5	0	7	
5	12	7	
18	11	1	
5	5	12	
0	9	3	
15	16	8	
13	17	11	
13	0	16	
12	9	18	
7	2	14	
3	18	2	
4	17	19	
8	14	4	
3	20	8	
1	4	0	
5	6	18	
11	15	4	
0	9	19	
5	14	18	
3	2	9	
19	6	14	
8	8	9	
8	10	6	
11	10	1	
2	13	4	
1	9	4	
17	19	18	
15	11	0	
16	14	5	
6	11	12	
9	6	5	
5	15	10	
11	11	0	
11	6	0	
20	8	5	
18	2	3	
15	1	19	
13	1	16	
20	4	16	
13	3	16	
15	12	9	
1	20	11	
13	10	14	
6	7	1	
16	11	11	
1	18	2	
2	12	13	
2	0	18	
2	3	16	
6	15	2	
7	18	4	
4	6	0	
7	14	1	
11	14	12	
0	7	0	
2	6	19	
20	7	12	
19	19	1	
0	3	12	
6	21	3	
2	19	16	
3	7	10	
5	18	19	
15	3	13	
19	7	15	
20	14	6	
17	6	8	
11	11	19	
10	6	4	
17	17	12	
13	21	13	
4	13	3	
5	7	9	
7	1	6	
8	7	11	
9	16	18	
9	4	3	
12	9	18	
1	10	12	
13	8	21	
15	9	14	
6	0	1	
14	20	14	
0	18	17	
13	9	14	
6	6	18	
14	21	3	
10	14	17	
4	7	5	
0	10	9	
12	11	18	
7	20	17	
5	16	21	
10	20	10	
9	13	8	
17	8	16	
13	13	12	
17	20	4	
2	18	8	
1	20	4	
13	13	8	
0	12	19	
1	13	11	
2	2	13	
1	22	0	
11	10	13	
4	16	13	
15	18	1	
18	1	18	
6	7	5	
18	18	12	
14	15	1	
14	10	17	
22	21	16	
21	15	18	
13	8	12	
21	10	5	
1	20	3	
8	15	7	
8	5	12	
3	0	16	
1	2	9	
19	19	16	
16	14	13	
0	11	16	
2	11	12	
2	1	5	
16	3	9	
22	1	7	
21	20	17	
12	20	9	
15	3	8	
4	11	15	
7	0	6	
1	6	9	
0	6	23	
2	2	19	
13	19	2	
18	3	20	
13	12	7	
2	12	1	
3	12	9	
15	11	20	
22	3	7	
8	17	10	
6	16	5	
16	2	8	
12	21	22	
7	21	12	
11	6	19	
18	15	21	
11	15	5	
10	12	15	
8	8	5	
0	10	7	
18	24	22	
21	18	11	
3	13	1	
20	9	13	
23	3	9	
12	24	21	
1	4	0	
14	13	19	
6	11	9	
0	12	3	
23	1	0	
22	2	24	
16	14	13	
15	1	19	
6	12	14	
20	13	16	
5	9	22	
2	23	11	
12	23	0	
7	0	11	
10	23	1	
10	6	7	
17	4	15	
10	13	6	
22	25	8	
6	18	2	
13	8	22	
20	21	23	
16	8	3	
20	5	7	
4	8	2	
3	17	24	
6	3	2	
23	20	17	
25	17	24	
12	14	3	
20	25	16	
22	2	17	
19	1	2	
17	9	25	
4	13	25	
12	5	25	
12	18	20	
7	21	15	
21	13	20	
23	16	7	
5	13	18	
22	26	7	
6	6	24	
3	20	9	
20	21	8	
22	23	24	
0	26	26	
15	16	14	
20	26	0	
14	11	12	
9	9	24	
0	0	13	
10	4	18	
22	22	25	
16	17	24	
4	5	6	
12	23	7	
6	11	1	
18	17	0	
22	2	18	
7	18	18	
11	10	10	
18	2	14	
23	20	14	
7	9	4	
5	26	17	
7	10	22	
16	6	1	
23	4	21	
4	2	5	
9	10	11	
11	1	5	
23	14	8	
8	24	8	
23	12	7	
11	14	3	
24	12	2	
25	3	15	
19	9	1	
20	25	18	
16	6	17	
9	21	7	
2	10	17	
13	26	2	
15	2	10	
15	6	10	
5	25	13	
16	4	13	
28	13	0	
5	20	6	
25	14	15	
4	5	23	
27	12	8	
10	12	13	
4	26	19	
13	23	20	
20	17	11	
11	9	13	
2	14	4	
1	3	9	
3	20	23	
1	6	14	
1	11	14	
24	8	20	
5	25	3	
15	26	12	
18	19	18	
18	20	29	
23	11	15	
10	24	9	
10	22	15	
27	18	17	
4	24	16	
0	18	29	
22	19	5	
4	16	7	
26	13	10	
4	6	3	
8	8	29	
6	1	11	
7	9	21	
25	25	8	
10	4	5	
27	19	6	
8	0	8	
14	30	2	
19	20	27	
26	17	24	
28	30	28	
13	24	13	
14	23	5	
9	18	15	
24	26	3	
26	12	22	
24	22	10	
27	20	10	
7	14	0	
25	1	14	
26	32	14	
4	26	32	
30	7	13	
17	17	24	
1	30	28	
10	31	20	
6	7	0	
23	11	0	
17	8	5	
8	2	5	
10	26	25	
7	28	27	
24	28	29	
15	21	27	
19	4	20	
28	12	2	
1	11	8	
27	30	32	
23	21	26	
8	3	22	
19	19	11	
5	33	27	
16	10	34	
12	29	21	
33	14	26	
10	10	8	
15	6	19	
26	18	27	
15	12	18	
18	1	4	
24	33	30	
10	20	13	
7	32	32	
2	15	8	
33	29	5	
8	32	1	
27	23	31	
10	22	20	
8	24	11	
16	26	6	
10	25	31	
22	26	36	
10	33	4	
26	35	28	
16	23	34	
33	2	35	
2	16	4	
33	10	28	
19	11	34	
9	22	0	
2	26	10	
25	29	10	
25	27	18	
38	18	8	
34	4	34	
5	14	10	
22	8	24	
27	0	8	
6	22	18	
19	13	13	
0	13	39	
36	37	22	
1	25	19	
2	38	15	
2	14	2	
5	8	27	
29	3	23	
22	6	7	
25	15	26	
16	31	21	
25	39	29	
3	30	9	
9	37	13	
31	30	32	
16	26	27	
0	7	36	
16	24	4	
4	0	18	
27	15	29	
19	30	22	
33	27	3	
13	17	13	
18	32	0	
4	30	27	
16	9	1	
38	2	40	
14	24	39	
31	20	34	
39	8	9	
42	19	40	
8	41	35	
6	15	31	
19	22	38	
12	15	20	
25	22	42	
4	5	38	
8	31	32	
32	34	5	
26	6	4	
4	17	32	
34	29	25	
13	8	2	
19	28	23	
26	29	7	
9	6	21	
41	17	23	
27	48	45	
48	43	35	
27	23	39	
51	36	15	
46	30	36	
50	6	39	
20	21	20	
34	47	33	
6	25	31	
16	13	5	
19	46	0	
27	8	5	
40	22	17	
40	28	38	
50	47	43	
48	20	34	
2	21	48	
9	44	38	
36	32	31	
0	37	55	
14	5	56	
15	1	5	
54	32	21	
43	41	18	
50	17	36	
50	23	43	
4	42	11	
46	4	7	
28	39	59	
28	52	4	
33	4	51	
41	55	57	
57	11	8	
41	12	37	
58	1	34	
34	2	64	
20	44	44	
53	15	3	
34	1	23	
44	59	48	
54	52	17	
30	51	54	
18	41	45	
61	61	33	
65	15	38	
1	19	54	
23	13	30	
17	51	57	
46	17	53	
39	64	72	
57	25	64	
56	4	62	
79	57	59	
30	11	66	
10	15	36	
82	76	76	
36	90	49	
7	80	19	
87	91	45	
74	24	9	
42	94	50	
51	33	26	
11	85	86	
69	68	82	
99	57	3	
76	12	35	
56	95	21	
95	21	35	
11	68	12	
21	7	8	
94	41	24	
40	127	20	
50	78	109	
15	14	50	
127	0	102	
0	140	15	
84	2	216	
30	159	193	
79	117	224	
134	42	142	
696	626	319	
20	10	29	
31	12	31	
7	5	5	
18	10	14	
9	7	37	
13	5	8	
32	33	26	
16	31	8	
29	10	29	
24	25	32	
27	7	33	
34	5	28	
17	10	14	
18	40	38	
8	7	5	
22	26	35	
13	17	26	
22	23	39	
16	5	25	
14	7	22	
14	37	29	
14	23	38	
15	32	20	
5	5	9	
14	11	6	
23	34	24	
9	31	19	
23	26	36	
24	32	36	
18	13	32	
6	26	5	
21	33	8	
29	21	33	
31	34	23	
6	27	6	
34	9	23	
9	32	10	
10	6	12	
8	18	30	
37	17	24	
34	23	14	
5	25	18	
22	17	15	
32	35	29	
15	28	24	
13	18	36	
27	21	37	
22	40	18	
25	19	23	
36	21	12	
17	37	17	
26	26	20	
9	16	37	
33	14	18	
39	15	40	
12	24	19	
15	25	40	
16	25	32	
27	28	16	
17	20	36	
29	17	10	
38	34	22	
6	6	13	
34	35	12	
17	10	34	
35	22	31	
26	25	30	
23	32	26	
36	21	29	
18	26	22	
27	17	28	
31	30	6	
6	35	33	
28	39	8	
33	22	14	
14	13	7	
32	24	39	
12	18	22	
31	14	6	
14	23	37	
23	26	40	
35	5	28	
24	31	32	
28	10	22	
29	12	37	
23	27	9	
13	14	11	
31	24	34	
6	27	33	
37	29	26	
40	25	10	
33	25	18	
36	7	39	
26	30	11	
27	19	11	
40	36	11	
39	20	38	
13	24	13	
39	40	15	
17	40	26	
33	28	33	
36	21	18	
28	25	30	
32	35	10	
18	39	33	
30	29	5	
13	20	28	
10	27	17	
5	31	18	
13	29	16	
24	39	33	
20	10	14	
16	40	24	
23	20	16	
30	39	15	
33	22	16	
35	30	5	
13	7	25	
33	23	13	
27	29	12	
28	22	33	
8	23	31	
39	12	24	
23	33	37	
16	7	34	
30	33	33	
28	26	27	
12	39	27	
20	12	5	
8	11	12	
21	24	22	
9	16	30	
12	8	35	
12	32	11	
9	36	8	
10	40	40	
13	18	18	
24	24	21	
23	26	36	
38	8	7	
14	21	36	
37	22	30	
32	5	21	
36	5	35	
27	20	17	
10	36	22	
32	23	31	
9	38	25	
18	12	30	
13	21	34	
38	37	15	
11	32	40	
31	7	40	
30	17	10	
18	30	26	
40	22	40	
10	31	17	
5	21	7	
31	29	18	
39	15	28	
9	14	26	
26	23	40	
28	23	17	
16	39	7	
16	36	20	
19	9	38	
30	9	37	
18	23	12	
19	18	18	
21	12	40	
26	40	31	
39	17	30	
23	13	29	
14	14	32	
35	38	13	
30	20	25	
21	24	15	
38	19	28	
34	37	21	
26	24	37	
38	19	28	
17	7	34	
25	16	19	
6	30	5	
17	8	39	
26	17	9	
12	37	36	
20	31	11	
20	28	17	
36	21	21	
9	28	5	
6	12	40	
32	9	34	
5	24	17	
10	27	18	
14	31	37	
16	17	14	
7	21	21	
28	14	8	
9	39	40	
9	8	12	
35	17	24	
23	7	21	
17	33	38	
34	35	12	
38	6	19	
34	15	12	
19	33	36	
14	33	34	
9	40	30	
7	9	8	
35	39	8	
10	16	28	
38	25	16	
17	31	23	
6	26	33	
37	7	5	
28	24	9	
27	5	13	
35	12	9	
6	32	34	
10	37	16	
30	27	10	
25	13	32	
23	8	23	
27	13	11	
34	11	21	
5	11	21	
11	8	12	
17	11	17	
36	14	27	
22	39	6	
5	20	5	
9	20	15	
25	39	26	
6	21	16	
7	17	39	
40	9	15	
21	28	20	
29	30	29	
37	16	8	
5	23	32	
38	32	31	
18	23	35	
23	12	27	
35	6	33	
23	8	22	
18	31	14	
12	12	7	
34	39	5	
38	36	5	
5	15	20	
37	16	35	
14	18	28	
6	27	13	
37	6	33	
37	14	10	
30	18	34	
26	39	36	
21	20	39	
38	6	15	
35	8	5	
5	6	16	
30	19	27	
8	40	25	
30	39	28	
8	12	13	
29	6	23	
5	9	27	
10	15	35	
8	28	33	
23	38	23	
26	10	39	
39	33	11	
40	36	38	
20	13	40	
18	27	30	
24	39	22	
40	18	8	
21	23	38	
22	27	32	
6	22	36	
27	34	38	
24	6	32	
30	33	30	
8	36	16	
16	34	27	
27	22	14	
37	22	37	
27	31	32	
28	17	17	
12	16	31	
17	19	31	
33	17	26	
14	28	35	
20	13	21	
33	13	15	
8	13	19	
28	37	33	
31	38	13	
